142,96,-4.0446
99,97,-2.7786
166,99,-3.9974
7,0,3.5509000000000004
166,96,3.9467999999999996
169,90,2.1962
107,73,4.0458
153,73,2.1624999999999996
17,35,-3.638
17,47,-0.8830999999999998
93,73,2.2256
174,20,2.1558
197,37,0.4626000000000001
177,83,2.4861000000000004
176,72,4.0405999999999995
56,32,3.2647999999999993
42,96,0.49880000000000013
110,92,-2.0368
46,12,3.0417000000000005
184,63,0.48719999999999963
133,75,4.1723
189,3,-1.3468
38,34,-0.17940000000000023
188,74,-3.2965999999999998
192,53,-1.5588000000000002
138,22,-4.8136
177,52,1.0115999999999996
179,68,0.859
178,81,0.3144
164,0,-4.6243
67,32,-3.2575000000000003
14,43,-4.7976
77,32,1.5065
144,40,-4.0335
143,48,1.3733000000000004
161,11,-2.198
68,70,-4.9362
5,44,-1.5364
59,12,4.6349
163,63,0.36460000000000026
90,60,-4.3261
92,87,3.6051
111,94,1.7004000000000001
91,93,1.9806
110,59,-0.7790999999999997
84,84,-1.3306
166,29,0.6214000000000004
134,95,-4.3803
166,46,-0.3913000000000002
168,10,-1.8016999999999999
149,12,-4.3299
117,50,-0.033500000000000085
108,18,1.6153000000000004
21,25,1.4645000000000001
7,75,0.30239999999999956
66,94,1.1078000000000001
84,60,2.2619999999999996
161,47,0.21889999999999965
7,21,-3.8754999999999997
101,83,-3.4375
49,8,-3.5792
192,37,3.0326000000000004
152,83,4.914199999999999
128,23,1.5560999999999998
86,31,4.297499999999999
47,55,0.022999999999999687
66,81,-3.6482
84,69,0.26419999999999977
70,83,-1.3638
141,49,3.8009000000000004
52,67,1.8186
82,90,-4.0870999999999995
131,3,2.5002000000000004
103,74,-1.831
63,13,-1.9916
142,40,2.3541
68,77,3.2189999999999994
112,1,2.1127000000000002
159,99,-3.3341000000000003
130,47,-2.1708
30,4,-4.6997
125,21,-2.2857
74,1,4.1793
170,36,-2.1102
100,76,-0.5278999999999998
14,24,-4.0256
162,47,-4.0725
190,89,-4.1594999999999995
1,56,-4.8254
137,78,-1.2410999999999999
4,1,3.5374
9,35,-0.8964999999999996
163,43,2.8040000000000003
57,20,0.48130000000000006
66,18,-3.3051
144,82,3.8917
91,25,1.3105000000000002
190,37,1.9048999999999996
93,34,1.5612000000000004
197,78,-3.6885
58,73,-0.8102999999999998
52,87,-0.8003999999999998
124,56,1.4752999999999998
35,22,-3.4528
143,24,1.8711000000000002
38,43,-0.4817999999999998
35,78,-0.006000000000000227
1,65,3.0649999999999995
126,32,0.7911999999999999
18,36,-3.6592000000000002
120,2,1.6363000000000003
20,14,-0.2173999999999996
163,54,-0.5307000000000004
124,58,-4.4022
55,1,4.129899999999999
122,24,3.5360999999999994
180,60,3.1546000000000003
104,29,-0.4051999999999998
106,60,4.655900000000001
48,30,0.7366999999999999
52,76,1.4008000000000003
159,80,-3.7851
185,78,3.0395000000000003
84,64,-0.8407999999999998
189,4,2.2558999999999996
34,27,-0.6660000000000004
64,70,4.4491
83,44,-4.4322
104,80,-4.7591
121,85,-0.6642000000000001
34,34,-0.04800000000000004
165,54,-0.7629999999999999
92,14,-4.7171
59,65,0.6605999999999996
32,48,2.7979000000000003
132,2,-2.9751
199,31,-2.4785
17,65,2.7451999999999996
199,2,3.9672
195,6,-3.6612
198,78,1.1978
96,28,3.8283000000000005
23,9,3.9686000000000003
49,61,3.2242999999999995
184,80,-1.3147000000000002
145,70,-3.4145000000000003
98,58,-3.2302
12,95,-1.2530999999999999
176,27,-2.3625
42,74,0.12490000000000023
67,2,-1.2321
132,10,0.4086999999999996
190,33,4.0051000000000005
72,39,0.4985999999999997
44,24,0.31099999999999994
159,51,-1.0011
149,21,0.4997999999999996
120,84,4.821999999999999
80,63,-2.4387
194,99,2.7432999999999996
102,97,2.9894999999999996
128,55,-3.0174000000000003
100,38,0.5652999999999997
141,10,-1.2852000000000001
38,23,-2.9149
45,18,-4.0814
107,30,-1.9348
198,47,-4.6975
11,47,1.1071
77,38,-4.2738
171,46,-4.5592
2,6,1.2138
164,35,1.7706999999999997
120,94,-4.4193999999999996
95,37,-2.1416
31,26,-3.4423
175,10,-2.0864
126,69,3.7562999999999995
115,28,-4.542
33,5,3.8781999999999996
162,65,3.9092000000000002
92,12,2.7447
10,36,-1.3386999999999998
101,67,1.3404999999999996
67,34,-0.5712999999999999
122,49,1.0949
102,74,-1.4122
183,14,4.0144
164,89,1.5937000000000001
135,37,-0.15880000000000027
9,74,-2.0423
56,53,0.5193000000000003
164,57,-2.0633
144,49,0.060900000000000176
136,42,2.7234999999999996
54,93,2.2291
75,50,4.9148
99,17,2.5382999999999996
107,63,-2.92
56,4,0.7487000000000004
28,64,-3.9023000000000003
126,62,0.5419
114,35,0.42579999999999973
114,6,-4.9003
89,46,-3.6487
70,61,-3.1283000000000003
45,43,4.5268999999999995
88,34,-2.6967
66,95,-0.23179999999999978
181,10,0.4158999999999997
126,18,-2.9595
66,44,1.7987000000000002
89,31,-4.329
65,10,3.9856999999999996
121,4,-4.7058
173,54,2.9744
99,7,-1.8578000000000001
191,54,-3.3632999999999997
30,67,-3.9272
83,1,-1.6178
96,65,0.383
23,22,1.6567999999999996
65,46,-0.6144999999999996
72,42,-2.4331
120,36,-2.0222
145,92,0.6787999999999998
73,86,1.9718999999999998
20,35,4.7736
62,71,-4.999
73,61,0.5681000000000003
165,3,-2.2662
90,57,4.620799999999999
98,98,-0.31240000000000023
100,30,1.9241000000000001
90,6,2.5667999999999997
197,79,4.241
54,65,0.3213999999999997
61,2,2.3122999999999996
72,53,-2.894
180,40,-0.30679999999999996
52,70,-2.0542
7,49,1.7697000000000003
151,14,3.3536
43,30,2.1550000000000002
79,87,2.792
175,82,-4.8302
7,37,-0.8147000000000002
126,7,-1.4276
162,36,0.4581999999999997
75,47,3.7431
1,51,0.2121000000000004
118,20,-0.8798000000000004
115,67,4.472799999999999
35,53,-0.8013000000000003
116,63,3.4613999999999994
123,50,4.4031
190,31,4.748200000000001
70,81,-4.981
3,10,-0.26869999999999994
47,77,1.5221999999999998
125,57,0.5317999999999996
20,91,-4.9908
103,23,3.6262000000000008
139,66,-1.9687999999999999
50,28,-4.4023
24,2,-4.7123
79,31,-0.6764000000000001
35,81,-4.3701
134,54,3.0541
100,24,0.8033000000000001
156,76,-3.6673
90,64,-4.3845
125,64,-1.9064
134,86,-4.6586
27,49,3.2507
159,71,-3.7645999999999997
93,11,-3.1843
104,75,-1.6393
70,8,0.2560000000000002
134,56,1.6454000000000004
176,69,1.1948999999999996
118,47,-2.9226
17,69,-1.2810000000000001
152,9,-3.5812999999999997
129,48,-2.2869
174,15,-1.3972000000000002
68,93,-3.234
97,4,3.0093999999999994
138,14,-1.7614
142,74,4.1495999999999995
35,45,2.7119
126,79,0.11660000000000004
47,43,-3.262
132,22,2.4638
61,82,0.7542999999999997
85,77,-3.2904
160,42,-2.5001
184,13,4.300599999999999
174,41,4.792
91,50,0.5111999999999997
123,61,0.0034999999999998366
81,68,-1.8206000000000002
83,78,-0.14179999999999993
19,26,-1.4628999999999999
172,64,0.7862999999999998
163,31,2.771
14,2,-3.3773
8,69,3.6728000000000005
177,55,-3.1401
10,15,4.255800000000001
129,67,-1.8096999999999999
59,0,2.6614000000000004
193,57,0.11040000000000028
104,74,-3.8556
163,44,2.1677
143,59,-2.9827
168,50,0.6464999999999996
7,96,1.5900999999999996
2,61,-0.5244999999999997
171,47,1.6814
188,84,-2.7699
164,45,0.3933
14,91,4.3642
151,53,-1.4787
47,31,-0.6223000000000001
80,84,-4.4215
142,63,0.9333999999999998
54,11,0.7843
180,68,-0.4676999999999998
2,41,0.46330000000000027
72,94,-1.3135
158,28,-0.47579999999999956
157,20,-2.7254
158,33,-4.7608
197,12,2.6329000000000002
59,7,-1.5165000000000002
165,87,-0.001000000000000334
84,49,4.5123999999999995
106,35,4.5550999999999995
77,64,0.3178000000000001
135,57,-4.8339
35,46,-1.0423
134,46,-4.2806
91,76,2.4494
163,94,-1.0720999999999998
130,21,-2.4858
15,76,-3.0436
193,8,3.132199999999999
160,7,-1.5278999999999998
142,13,-3.5098000000000003
101,4,-4.3061
120,0,0.16959999999999997
86,27,0.26400000000000023
196,94,-4.3461
42,58,2.1148
124,39,-0.30269999999999975
110,57,-2.8897
132,44,-3.3504
15,40,4.3528
89,14,-4.1811
113,65,-2.5434
100,57,2.7752
30,97,-1.0842
84,56,-2.7477
99,71,4.5557
151,45,2.5766999999999998
146,58,2.9410999999999996
38,37,-4.3941
189,62,2.2892
97,16,0.16830000000000034
185,59,-3.8723
39,35,-1.7471
113,35,4.9276
90,30,-2.8881
96,78,0.4603999999999999
86,42,-0.4721000000000002
28,48,0.06460000000000043
145,49,4.0969
199,77,-3.6988000000000003
33,26,2.5008
22,70,-4.6171
94,30,3.7127999999999997
35,6,1.1298000000000004
190,56,-1.6631
188,72,1.4490999999999996
13,17,-2.0536
120,69,-2.7399
116,30,4.3591
165,9,-3.4177
93,30,2.5080999999999998
58,23,2.8682999999999996
7,71,-2.7409
105,49,-4.4186
22,80,-1.9691999999999998
126,21,-2.3506
165,91,0.28530000000000033
173,25,-3.0721
15,8,2.9444
119,52,1.9611999999999998
176,93,-4.3328
178,28,-2.6402
75,63,3.489699999999999
129,70,-1.3894000000000002
10,32,-0.5266000000000002
81,13,-3.2081
113,45,3.8956999999999997
65,74,-1.4788000000000001
86,58,-0.37680000000000025
113,79,2.1475999999999997
129,50,-4.2937
188,38,-2.6194
188,36,-4.5456
161,30,-0.38400000000000034
67,70,1.2226
194,92,3.452400000000001
84,81,-3.2404
99,55,-3.8217
75,19,0.5465999999999998
69,92,4.226699999999999
95,73,0.5444000000000004
76,55,-1.2264
2,35,1.8114
180,94,-2.0484
158,61,0.6036000000000001
56,21,3.0084
61,97,2.2405999999999997
181,71,3.2779000000000007
148,30,-3.0907
108,44,-4.6468
159,64,-0.9528999999999996
36,8,3.9367
135,39,-3.0769
23,84,0.5938999999999997
26,48,0.5387000000000004
90,12,-1.7299000000000002
0,24,1.6204999999999998
56,19,-4.7982
64,49,-4.9495
7,41,-2.9082
57,3,4.8138000000000005
85,84,3.3963
27,66,1.4676999999999998
32,97,0.44479999999999986
129,29,-2.0028
66,45,-2.6032
67,85,3.7886000000000006
48,35,3.7669999999999995
133,77,-4.1444
140,15,2.9032
91,21,4.653499999999999
96,15,0.31369999999999987
70,22,4.4177
177,86,4.8718
44,10,-0.7910000000000004
141,94,-4.6901
50,47,-4.9929
178,79,0.6078000000000001
193,32,2.9538
27,71,-1.0627
103,1,-1.8140999999999998
170,10,0.1772999999999998
191,86,3.972200000000001
148,76,3.269
6,1,3.047599999999999
186,98,-4.1261
176,68,0.6383999999999999
197,76,0.12349999999999994
177,94,-3.4972000000000003
148,63,-0.35360000000000014
192,66,0.4631999999999996
40,13,1.1776999999999997
21,42,1.5500999999999996
85,41,0.2032999999999996
70,18,-4.8573
19,76,-1.088
51,78,0.6886999999999999
67,60,-0.5970000000000004
14,99,-1.6896
6,37,-3.2119999999999997
176,12,-0.2831999999999999
169,42,0.11249999999999982
29,96,-2.1023
67,20,3.8931000000000004
125,20,3.4193999999999996
18,37,1.479
115,24,-2.5562
163,77,0.8807
15,96,-4.7664
27,58,4.4162
29,79,1.7397
177,3,-0.8521999999999998
125,65,4.2056000000000004
161,4,3.3560999999999996
57,56,3.4581999999999997
31,67,3.5648999999999997
168,36,0.41990000000000016
80,82,-0.19620000000000015
15,49,4.4293
102,18,2.9393000000000002
140,78,-4.1128
60,43,-3.2293000000000003
114,73,3.2912
25,44,-0.1266999999999996
153,35,2.4794
53,3,-2.3314
90,73,1.7705000000000002
58,51,-3.0876
25,59,-2.9251
117,80,-3.4318999999999997
186,25,2.9978999999999996
90,81,4.911199999999999
151,90,3.9025999999999996
51,66,-3.3826
150,65,-1.8986999999999998
34,87,0.1856
154,79,-1.4794999999999998
170,97,-4.428
135,48,4.179399999999999
169,99,-3.5163
61,66,4.047000000000001
127,52,-3.5689
133,97,4.1678999999999995
158,55,-0.6547000000000001
196,7,-3.4349
164,76,4.0222999999999995
108,95,2.481
152,69,-2.9244
60,52,-4.3994
140,12,3.909700000000001
84,88,-0.1750999999999996
27,87,-1.7957
111,53,4.435499999999999
31,90,2.1327999999999996
183,60,-2.4232
126,0,1.5312999999999999
44,79,-1.2616
10,31,-2.2204
162,90,3.6937999999999995
70,99,3.809799999999999
194,35,-0.05539999999999967
169,81,-3.7880000000000003
184,48,-1.2132
52,2,3.0526999999999997
52,54,-3.843
193,6,2.3377
62,48,-3.1936999999999998
90,90,-3.9739
99,40,-4.7873
166,28,0.7126000000000001
35,10,-3.9455
72,8,3.8492999999999995
61,17,0.31099999999999994
14,7,3.51
180,18,1.6002
112,33,0.8574999999999999
15,16,-0.6009000000000002
3,1,4.519
21,28,-1.758
5,28,-0.18689999999999962
132,95,-4.5294
68,44,3.4970999999999997
4,57,-4.8046
12,61,3.9117999999999995
159,9,2.0927
26,53,-1.0987
54,60,1.6773999999999996
178,69,4.4938
73,64,-4.7232
15,45,2.7618
43,21,4.8012999999999995
104,23,-1.4644
41,54,1.2790999999999997
104,96,2.4038000000000004
178,12,3.3268000000000004
109,33,4.0398
55,57,-2.5536
94,95,4.698499999999999
18,6,0.8621999999999996
5,6,3.4784000000000006
127,6,-4.0665
32,46,-4.7776
142,48,-2.4967
78,34,0.8632999999999997
63,24,1.9805000000000001
139,23,1.1208
151,81,-4.7055
184,87,-4.6628
183,47,-2.4462
108,74,-3.2996
150,17,0.5442999999999998
43,86,2.4988
60,69,0.9814999999999996
70,15,0.05630000000000024
191,15,-4.8691
8,83,0.5186999999999999
2,90,0.6542000000000003
25,70,-0.9912000000000001
126,24,-0.7770000000000001
67,96,2.1031000000000004
137,30,1.7317
88,64,1.6467
121,49,-0.8032000000000004
105,58,1.3034999999999997
133,84,-0.10770000000000035
185,89,-2.8385
87,68,-4.8185
154,7,3.463800000000001
60,64,-3.7228000000000003
105,73,-1.2963
20,92,0.6478000000000002
116,57,0.16129999999999978
97,59,2.4671000000000003
196,2,0.15770000000000017
192,30,1.4875999999999996
80,73,-1.0539999999999998
123,53,4.7546
60,31,3.8307
137,76,3.2017000000000007
73,0,-2.8717
108,1,-0.9382999999999999
39,54,2.5368000000000004
155,47,1.2012
143,77,2.574
131,22,-4.1824
162,21,3.5503
23,20,-2.6652
52,37,-3.9012000000000002
100,4,-3.842
62,54,3.5970999999999993
190,17,2.2043999999999997
17,14,-1.169
140,0,4.366300000000001
55,0,3.8972999999999995
45,45,-1.5198999999999998
168,40,-1.8420999999999998
75,77,4.7064
60,49,1.8487
94,65,-2.6207
152,89,1.4332000000000003
124,42,-3.5057
86,49,-2.4256
80,71,-2.1813
24,99,-2.1646
160,60,-2.8715
10,39,-0.31010000000000026
1,49,0.35109999999999975
24,71,3.3682
121,93,-4.9765
132,46,2.2478
39,53,-3.1024000000000003
66,26,-3.6633
47,42,3.5145
21,37,-1.7974999999999999
182,78,3.4490999999999996
136,71,-4.8802
164,11,-4.1615
41,21,-3.169
135,28,3.217599999999999
59,59,-0.6528999999999998
133,1,4.3521
183,97,-1.9171999999999998
137,19,-0.7096999999999998
63,36,-1.2406000000000001
46,62,-4.2266
126,99,0.6158000000000001
53,22,3.3526000000000007
114,61,0.33000000000000007
62,75,-1.2507000000000001
18,51,-3.5138
22,92,-3.6342
103,72,-0.4413999999999998
26,84,3.7714
1,35,-4.6034
90,34,1.5137
161,59,-1.3195999999999999
51,97,2.3091
150,20,2.3030999999999997
123,82,-3.4267000000000003
88,63,-3.9718
150,50,2.0869
37,57,-1.6543
121,20,4.7178
83,27,4.9072
137,1,-2.3503
56,5,-1.4148
155,74,-2.0934
139,84,4.020099999999999
97,46,1.5868000000000002
82,59,0.4786999999999999
108,77,2.1801000000000004
3,12,2.1828000000000003
183,73,3.5512999999999995
34,30,-3.617
131,9,3.7493
41,84,3.1191999999999993
71,33,4.2872
196,71,2.2789
51,54,-3.0620000000000003
35,14,-3.1221
96,5,0.9466000000000001
49,84,-1.0007000000000001
182,62,-1.8645
103,16,2.1768
12,29,1.1460999999999997
195,20,-2.3991
93,80,-2.2803
166,61,-4.5682
76,89,-4.7561
76,39,2.4577
129,31,-4.0339
87,89,-4.3416
38,95,-4.569
154,23,1.7835
81,28,-2.1663
159,47,3.4367
175,40,3.6807999999999996
10,69,1.2805
109,68,1.9454000000000002
29,25,-0.43020000000000014
186,0,2.8768000000000002
82,28,1.3044000000000002
38,50,4.2265
156,71,-1.0802
156,0,3.9075000000000006
77,91,2.3137999999999996
57,59,3.0785
18,28,4.3736999999999995
181,18,-0.16769999999999996
178,32,-2.9456
94,89,2.822
20,56,4.4076
61,9,-1.4708
15,48,4.3393999999999995
105,87,-0.6460999999999997
65,87,3.9743999999999993
27,63,4.4343
119,13,-0.6612
50,15,4.3637
135,94,0.49519999999999964
35,21,4.0678
24,43,3.5732999999999997
161,84,-1.6556000000000002
65,75,3.2827
2,4,-2.8345
161,71,4.7356
86,20,1.8040000000000003
110,41,-3.362
106,74,-1.7039
70,44,-1.4047
96,50,2.8895999999999997
96,58,2.5732999999999997
198,51,2.7640000000000002
29,86,-3.2493
185,36,2.0359
122,4,4.2780000000000005
69,65,0.9649000000000001
175,8,2.8849
34,28,1.7808000000000002
54,56,-2.9297
125,40,-1.2854
41,4,2.0016
151,13,3.6814999999999998
17,54,-1.2334
180,45,-4.4246
126,90,2.2733
108,51,4.9491
186,20,4.5794
33,56,-3.1517999999999997
165,78,-1.3396
85,83,1.8657000000000004
144,16,3.5196000000000005
29,6,2.1974
158,42,-2.5392
118,48,-0.8223000000000003
1,88,-0.15299999999999958
69,43,-2.4254
88,50,3.1051
80,0,3.3879
65,2,-3.9013999999999998
120,76,-4.7067
144,77,2.7746000000000004
157,86,1.0366
152,31,3.0343999999999998
193,49,3.1936
100,89,-1.6141
136,72,1.3373
2,62,-2.7011
155,73,-3.4248000000000003
154,66,-4.0562000000000005
131,66,-3.0666
14,51,-0.8798000000000004
181,86,2.4273999999999996
98,27,4.8398
163,14,-4.925
112,66,3.7859
127,19,4.0405999999999995
153,64,-0.3221999999999996
182,70,0.26649999999999974
41,74,-2.367
152,58,-1.1394000000000002
188,32,4.418900000000001
177,91,-3.0377
163,65,-2.9424
182,89,-1.0207000000000002
76,62,-4.3829
142,45,3.9382
186,33,0.029200000000000337
4,96,-3.2507
21,27,-0.3087
154,78,0.5547000000000004
147,1,-0.5617999999999999
102,50,-0.4485999999999999
38,42,-4.6242
71,64,-2.2414
181,13,-1.4748999999999999
82,30,-0.8526999999999996
38,31,-1.2507000000000001
50,51,4.078900000000001
69,30,-4.621
84,61,3.3926999999999996
171,81,1.2954999999999997
153,19,4.4101
199,80,3.1006
87,69,-0.4062999999999999
91,0,-4.7412
104,42,-4.8461
30,48,-0.1288999999999998
46,1,2.9745
36,91,-4.6717
184,19,0.7999999999999998
156,41,-4.1502
167,7,-3.1018
89,64,-0.45450000000000035
48,44,-3.3634
58,71,1.6455000000000002
76,32,-2.6757
109,58,-1.2846000000000002
112,91,-4.8638
114,57,4.409599999999999
164,18,-3.4112
70,76,4.9030000000000005
193,96,-2.7786
38,24,-4.6548
67,21,-0.6150000000000002
184,57,-3.0858
178,96,1.2819000000000003
1,37,-0.14480000000000004
188,23,2.6603000000000003
37,71,0.8792999999999997
113,37,2.2803000000000004
51,58,3.2147000000000006
83,85,4.083
62,24,2.8425000000000002
71,51,-1.9580000000000002
12,17,2.7497999999999996
194,78,-2.9964
23,2,-2.8591
182,88,-1.2385000000000002
146,59,2.2752999999999997
72,32,-2.0092
138,46,0.28800000000000026
120,27,-4.1599
93,88,-0.7826000000000004
152,52,1.3734000000000002
21,44,4.5572
182,55,-1.0476
6,9,-1.9163999999999999
126,28,4.755599999999999
47,14,0.3028000000000004
105,82,0.9686000000000003
114,7,2.9932999999999996
14,98,0.8749000000000002
160,98,0.3541999999999996
50,75,-0.2930999999999999
163,23,-3.9534000000000002
153,72,-3.0681000000000003
75,43,-2.2545
85,61,-3.1924
199,4,4.495699999999999
133,47,-0.2666000000000004
172,42,-2.2678
159,57,4.8832
13,81,-4.1823
124,90,2.6870000000000003
126,36,3.9063999999999997
95,88,1.1856
91,2,3.7658000000000005
58,37,-3.4875
121,29,-3.7449
26,57,2.5199999999999996
31,63,4.4422
80,45,-3.4325
192,31,-4.1686
183,78,-0.4771000000000001
18,64,-4.7418
190,35,-2.794
191,60,-1.6562000000000001
50,74,-0.1341000000000001
171,58,1.3010000000000002
89,81,3.4458
179,17,2.942
15,2,-3.819
169,51,-3.3785
22,29,-0.6840999999999999
51,57,-1.7489
174,99,-2.1185
136,31,-3.9882999999999997
181,30,2.4688999999999997
25,5,-1.9472
68,69,0.6459999999999999
168,33,4.284000000000001
45,72,-2.113
71,31,1.1341
18,45,-4.1343
7,28,2.8662
26,5,4.1562
178,38,-4.008
198,93,-1.9491999999999998
47,54,4.1419999999999995
101,18,2.558
193,75,2.3190999999999997
125,46,0.09210000000000029
38,59,-1.9613999999999998
135,12,-4.8975
195,34,0.8940999999999999
99,62,-0.7995999999999999
84,24,1.2495000000000003
64,20,-0.12080000000000002
178,14,-4.5015
62,19,0.9142000000000001
144,95,-0.15840000000000032
23,85,2.9476000000000004
57,84,1.2184
116,2,3.5403000000000002
127,51,-4.0988
90,52,1.6116000000000001
191,36,0.29239999999999977
183,90,-4.5507
118,50,-1.0085000000000002
36,62,-2.1995
188,68,-1.2399
170,9,4.7376000000000005
169,46,0.5597000000000003
185,65,4.1267
60,15,3.6228999999999996
129,8,0.7877000000000001
0,8,2.0445
87,0,-4.1511
89,68,-0.49600000000000044
2,59,-4.468
179,52,0.8952
35,69,-4.3389
65,21,2.9703999999999997
116,40,1.5838999999999999
170,79,4.596399999999999
146,73,3.4921000000000006
176,36,-3.5871
177,59,3.1285000000000007
42,28,1.4108
172,9,2.7587
73,92,4.231199999999999
95,24,-2.8256
30,81,3.8958999999999993
49,39,-3.3321
122,74,1.1184000000000003
187,51,-1.6589
23,50,0.023399999999999643
191,95,-4.4645
155,50,-4.7652
63,89,1.2832
3,85,-2.5615
99,37,2.3211000000000004
16,14,1.2954999999999997
124,14,0.5936000000000003
103,0,4.7186
140,41,3.0554000000000006
141,86,-3.7089
115,12,0.9063999999999997
142,94,0.43679999999999986
129,22,4.439299999999999
77,41,-0.7199999999999998
110,68,1.3948999999999998
185,19,-4.4738
117,4,-2.8706
153,10,-0.9615999999999998
99,42,-3.4334
119,24,1.5606999999999998
89,49,2.8171
86,28,2.7779
53,88,3.1837
117,66,0.3365999999999998
185,96,2.8625
65,20,-4.3642
93,90,1.1403999999999996
155,23,3.5428999999999995
166,65,-2.7322
117,17,1.8211000000000004
55,5,-3.5772
120,16,0.7000000000000002
110,46,-3.782
48,6,1.9447
78,57,2.5140000000000002
99,85,-0.06329999999999991
85,65,0.24399999999999977
156,16,-3.2039
61,15,-1.6261999999999999
63,76,2.7398999999999996
23,48,-2.1793
110,73,1.9444
128,59,2.5673000000000004
151,77,-1.6892
128,75,-4.8028
8,76,-2.4393
45,55,1.7944000000000004
174,63,0.9774000000000003
69,98,3.929500000000001
161,35,0.05370000000000008
11,74,2.2968
113,94,-4.3588000000000005
110,38,3.3149999999999995
92,73,-4.7177
165,51,-1.1274000000000002
59,72,-0.24340000000000028
194,43,1.3872999999999998
159,1,-1.6543999999999999
24,86,2.0702
117,11,-1.791
44,46,-2.8066
193,86,1.4969000000000001
22,16,3.4631000000000007
125,18,4.299300000000001
30,54,-0.9020000000000001
80,42,-0.1166999999999998
170,22,-3.7622999999999998
180,77,2.7371
123,77,3.1639999999999997
178,89,-1.7138
142,47,4.9337
166,73,0.6982999999999997
172,5,4.543200000000001
155,2,-1.6968
119,32,-3.1176
97,39,4.971399999999999
51,33,1.3018
145,3,-3.7569
167,22,3.3491
130,25,2.5358
3,35,3.6129999999999995
180,63,1.4912999999999998
184,96,0.7763999999999998
195,44,4.589499999999999
28,47,4.0472
133,15,0.31120000000000037
142,43,1.6272000000000002
2,97,-3.0337
89,89,2.2073
137,41,-0.49570000000000025
109,31,-2.3186
29,40,-3.9962
172,74,-0.5262000000000002
187,49,-3.5971
94,77,4.7044999999999995
73,6,3.7155000000000005
88,70,-3.41
41,41,2.9444
14,62,2.6435000000000004
126,34,3.9110999999999994
92,83,-4.1267
55,86,-2.3558
53,91,1.3025000000000002
167,62,-3.2350000000000003
108,45,-0.8019999999999996
65,76,1.8017000000000003
100,79,0.8087
166,54,-0.9288999999999996
170,23,-2.4068
22,84,-4.6907
80,43,2.2175000000000002
174,27,-3.7207
58,77,2.2076000000000002
18,70,2.2929000000000004
161,38,0.6093000000000002
173,7,3.9810999999999996
135,95,-3.3331999999999997
94,48,-0.5621999999999998
37,81,-1.5
117,46,2.8743
126,80,-1.5442
16,29,2.6658
89,88,-0.14149999999999974
167,49,-4.9531
185,17,4.4697
23,63,2.9539
40,86,3.173400000000001
44,28,-2.2367
115,39,-2.5593
2,16,-0.9924999999999997
23,58,1.0006000000000004
13,58,-1.0699
1,95,-0.08059999999999956
147,57,-3.0824
94,33,-0.27749999999999986
8,11,-0.9771999999999998
145,61,3.5177999999999994
121,15,-1.3908999999999998
0,19,3.1976999999999993
36,2,1.4188999999999998
122,75,1.2548000000000004
28,85,1.8689
30,35,0.6372999999999998
53,68,-3.2972
164,71,0.3384999999999998
36,6,4.2959
192,51,4.010199999999999
77,21,2.152
5,47,1.7983000000000002
16,77,1.6612999999999998
168,4,-0.9596999999999998
42,95,-0.9522000000000004
87,86,3.5588999999999995
123,29,-2.5318
93,99,3.038500000000001
117,69,-2.2728
43,13,-3.8023
152,53,-4.8409
16,97,2.8028000000000004
44,76,-1.0617999999999999
169,50,0.9257
93,38,-3.1332
54,63,1.1296999999999997
160,16,-0.014300000000000423
9,71,-4.8284
55,25,0.5852000000000004
163,68,-0.9165999999999999
18,97,1.896
3,19,-1.8462
6,33,-1.9495
55,32,4.3748000000000005
34,63,2.3912000000000004
116,26,-4.3804
121,6,-0.0719000000000003
68,52,-1.7176999999999998
156,87,1.2111999999999998
178,31,-1.9260000000000002
64,21,2.122
102,59,-1.8549000000000002
191,52,4.6876
132,59,-2.5422
10,77,4.952400000000001
13,37,2.8709
36,92,1.984
134,74,0.9992000000000001
188,63,4.843999999999999
125,88,2.0197000000000003
86,4,-4.8384
158,66,3.9831000000000003
132,77,-4.4528
2,38,2.3494
35,11,-2.1984
82,84,2.4612999999999996
107,67,-3.1683
27,56,4.7905
48,78,0.16190000000000015
94,73,4.6456
120,64,0.7949000000000002
183,57,3.0825999999999993
17,20,-3.8962000000000003
101,0,-1.7400000000000002
144,2,-4.8442
37,38,-2.3347
82,36,-1.2702
104,0,3.2722999999999995
31,69,4.117900000000001
121,64,-3.0892
105,15,0.7876000000000003
27,76,3.1624
23,34,-1.2662
22,93,-3.4505
118,35,-3.8451
20,50,1.1923000000000004
196,57,4.9656
134,92,-0.14730000000000043
161,0,-4.0987
48,55,0.2012999999999998
185,34,-2.8782
84,87,-3.0948
111,46,1.7314999999999996
194,57,-0.6684000000000001
164,48,1.1010999999999997
181,58,-4.6727
100,63,-0.24870000000000037
0,25,-2.2967
151,94,-2.1708
50,50,1.1692999999999998
99,31,-0.8533999999999997
93,82,-2.923
49,26,0.11069999999999958
64,4,-2.5398
148,37,-2.1306
95,46,4.839
13,30,4.3818
37,59,3.3162000000000003
119,98,1.0503999999999998
26,16,1.7133000000000003
153,90,0.7092999999999998
13,64,-0.7990000000000004
14,71,1.1567999999999996
99,99,-4.2754
28,25,-0.9996
45,36,2.7733
43,62,-0.3650000000000002
5,51,1.2553
44,75,-3.3155
12,11,4.822900000000001
132,71,-1.2797
90,46,-3.5194
51,44,-3.5128
136,57,-4.1622
156,48,1.9926000000000004
174,36,3.9726999999999997
194,94,2.4833999999999996
12,6,3.9725
42,31,-1.0154999999999998
78,0,-0.4584999999999999
127,33,2.4972000000000003
21,36,-4.4913
143,11,0.2641
127,44,0.8822999999999999
1,54,1.0608000000000004
135,38,2.5046
19,95,3.0153999999999996
135,53,2.5094000000000003
7,38,4.3652999999999995
164,8,-3.5926
70,31,-3.4244000000000003
7,48,-0.7196999999999996
122,69,-2.6329
158,65,0.32840000000000025
184,46,-3.5724
127,93,1.1829999999999998
107,96,-3.4385
82,53,-1.2469000000000001
103,82,1.5792000000000002
11,96,1.12
51,3,4.6312
48,18,-3.7544
138,72,-4.6802
29,27,-4.058
189,6,-3.0383
92,65,-3.6169000000000002
115,29,-4.6284
172,27,-1.9592999999999998
13,12,-2.2345
3,96,2.7916
26,13,-4.0725999999999996
192,58,-1.3127
112,86,-3.76
2,73,-2.3157
0,20,-3.8911
169,77,-3.5075000000000003
128,82,-0.3982000000000001
23,64,-1.6364999999999998
186,57,4.9268
14,44,4.7391000000000005
14,34,-1.4771999999999998
11,76,1.2222
171,98,1.4101999999999997
160,54,0.1288999999999998
144,52,3.7585999999999995
180,7,3.080399999999999
142,99,-2.8791
141,96,-2.1038
41,85,-4.2425
18,89,1.4637000000000002
181,88,0.08929999999999971
11,7,-2.5981
133,63,1.3836000000000004
36,76,4.9030000000000005
20,37,-1.6335000000000002
153,14,3.7425999999999995
77,82,3.347899999999999
149,52,-2.0517
78,41,-0.96
168,9,-2.3067
121,39,0.6726000000000001
19,71,4.623200000000001
109,49,3.7432
59,86,1.7027999999999999
125,29,0.7253999999999996
137,95,2.0645
69,70,0.42820000000000036
167,4,-2.5093
198,20,4.2934
12,50,1.2275999999999998
2,22,-3.9839
21,75,4.1358999999999995
87,60,1.1502999999999997
103,84,4.885400000000001
85,59,-4.4733
71,28,2.1368
77,17,4.5969
98,55,4.2727
135,21,4.774800000000001
114,69,-2.1246
89,94,1.1830999999999996
11,85,0.5960999999999999
104,51,1.5685000000000002
32,56,-3.723
114,88,1.3945999999999996
68,21,1.1959999999999997
21,39,-0.5632999999999999
136,93,3.9166000000000007
175,59,-2.4151
130,64,-0.1936
85,0,3.4091000000000005
134,6,-1.0617
91,59,-1.7957999999999998
167,61,2.516
24,88,-2.5407
140,59,1.5500999999999996
179,77,2.1902999999999997
87,3,2.3564999999999996
101,12,-1.2408000000000001
94,26,4.5579
135,47,3.466799999999999
32,18,-3.333
125,24,-3.7896
136,16,-4.8514
10,76,-3.3556999999999997
36,80,-1.9744000000000002
119,86,-3.1222000000000003
58,24,0.18770000000000042
117,52,-4.6447
128,89,-1.5667
84,40,-2.6201
33,0,-3.9515000000000002
101,89,2.7531
0,41,-0.3238000000000003
95,2,-4.3388
3,71,0.08790000000000031
136,95,4.4414
181,2,-0.3695000000000004
70,1,-0.34299999999999997
133,92,-3.0301
7,27,-2.2894
94,20,-1.9683000000000002
155,30,2.075
118,96,0.6722999999999999
30,30,0.4309000000000003
196,23,-3.5941
140,52,-1.7848000000000002
194,20,0.3879999999999999
15,21,2.1353
164,61,3.9345
57,36,3.6571
107,19,4.666600000000001
18,69,-3.4061
186,97,3.8627000000000002
93,97,3.5570000000000004
190,52,0.2240000000000002
1,27,-0.15800000000000036
28,38,2.9728000000000003
168,47,3.3459000000000003
90,63,0.3714000000000004
73,89,1.7695999999999996
188,18,-1.314
144,50,-0.40219999999999967
66,86,-4.9151
196,59,1.3202999999999996
10,48,4.381
39,13,2.1628999999999996
133,50,-0.3758999999999997
176,20,4.6152999999999995
150,97,-2.5687
154,67,1.2988999999999997
51,25,2.4065000000000003
58,13,0.8110999999999997
80,86,-0.31259999999999977
66,93,3.9883000000000006
79,80,-0.49099999999999966
73,13,-1.1637
196,21,3.6294000000000004
100,21,4.7782
181,8,-1.5099
24,81,-1.673
190,18,-2.4078
124,54,-4.5603
158,62,2.2393
55,33,-4.1151
198,22,4.120900000000001
193,87,-3.7201
132,69,-3.2739000000000003
97,19,-1.8843999999999999
163,39,4.609500000000001
150,15,4.9597
149,99,-4.7585
198,21,0.6772
172,33,2.5365
134,5,4.1324000000000005
69,82,4.7074
2,46,-0.7925000000000004
175,44,-3.7583
171,56,4.5085
174,10,1.8894000000000002
34,68,-4.5796
103,37,-1.8971
187,64,-0.5597000000000003
45,1,-3.7988999999999997
194,54,-2.135
189,88,-0.7770999999999999
144,81,-3.4706
106,13,-1.7565
91,66,-2.5807
139,43,-0.6245000000000003
124,91,-2.4333
81,62,2.3108000000000004
155,93,4.494
107,34,4.9863
96,0,-0.40800000000000036
155,72,2.7274000000000003
81,81,4.9574
114,97,0.7706999999999997
133,29,4.128299999999999
55,52,1.9378000000000002
88,4,-4.4169
105,95,-2.4697
138,25,-3.6852
127,43,-1.1353
146,16,3.8286999999999995
7,9,-4.2462
131,65,4.086
18,73,1.3211000000000004
2,67,2.3055000000000003
50,65,-0.9969000000000001
7,3,1.7256
35,18,1.3758999999999997
102,34,-0.4081999999999999
131,29,-3.0158
69,5,1.2760999999999996
24,10,1.2594000000000003
148,57,0.3952
117,85,0.4932999999999996
125,73,-3.832
140,22,4.1030999999999995
103,63,-0.24070000000000036
108,33,-4.5323
163,53,2.6965000000000003
45,87,-2.3486
173,95,4.831200000000001
85,90,-4.378
127,23,2.9501
151,12,-4.759
69,81,-2.3188
88,75,1.5529000000000002
64,12,3.4602000000000004
167,50,-2.5855
58,87,1.5827
125,19,4.560600000000001
92,25,-0.8265000000000002
169,92,-2.4043
152,91,2.8106
19,89,1.2424
36,42,-0.6325000000000003
49,63,1.3361
4,3,3.188599999999999
77,56,-2.4003
152,67,4.6341
66,11,-0.8211000000000004
117,57,1.5880999999999998
192,63,4.356999999999999
158,46,3.3099000000000007
75,2,4.2012
6,41,-1.0097
109,50,-4.1523
35,62,4.945399999999999
165,2,3.014099999999999
170,72,3.4033999999999995
14,57,-2.5624
134,18,-1.6604
93,93,0.41720000000000024
125,0,3.4428
130,60,2.942
62,96,0.39749999999999996
187,34,4.3629
147,90,-1.3086000000000002
153,32,2.3894
99,96,-2.1296
91,22,-0.7220000000000004
184,52,2.8548999999999998
82,31,-0.7750000000000004
195,88,3.9263999999999992
32,69,2.2314
129,88,1.2542
44,34,3.3499999999999996
138,84,4.2712
186,86,-4.0847
42,46,-0.14440000000000008
124,64,-4.8285
45,16,2.0042
193,59,-3.8848000000000003
6,88,4.067399999999999
82,57,1.1207000000000003
128,77,2.8947000000000003
38,57,0.6780999999999997
89,90,-4.9449
179,91,-3.2339
35,89,-4.9371
73,88,-2.3667
132,75,2.3987
125,55,4.715299999999999
88,28,-3.8236
30,37,3.5637000000000008
93,46,4.916
142,83,0.001100000000000101
18,40,-3.5135
164,38,-0.5724
118,38,0.7168999999999999
180,71,4.010300000000001
98,26,2.6769999999999996
152,2,2.0119
41,20,-1.2685
35,28,-3.1017
87,70,-2.6645
89,77,2.4699
31,6,-0.21809999999999974
77,55,0.7359
131,28,-4.0364
51,75,2.4195
102,71,-1.7033
151,41,-0.6596000000000002
159,18,-0.29330000000000034
140,25,-3.1785
38,9,-4.3634
20,43,3.1098999999999997
66,28,1.9337
122,38,-1.9260000000000002
82,29,3.817
91,23,-0.7686999999999999
173,82,1.9066999999999998
110,98,-3.5128
152,3,3.049200000000001
100,53,-2.3581
3,6,-2.7635
87,7,1.2864000000000004
32,57,0.31120000000000037
198,49,-1.0402999999999998
190,82,1.8487999999999998
25,86,-0.08910000000000018
75,80,-3.1992000000000003
193,3,2.0746
55,55,1.6464999999999996
109,75,2.6132999999999997
15,42,4.115500000000001
145,99,-1.7339000000000002
129,21,3.2363999999999997
140,42,1.8537999999999997
77,33,-3.1245000000000003
40,94,3.2965999999999998
3,45,3.6091999999999995
156,25,-1.6998000000000002
95,54,4.6142
78,10,3.8368
123,90,-2.548
140,28,-0.1849999999999996
78,21,-0.10749999999999993
106,59,-0.1459999999999999
99,12,-4.8957
21,92,-0.17989999999999995
0,43,-1.8117
5,11,3.2872000000000003
137,33,-3.3551
54,13,4.258100000000001
0,55,0.6060999999999996
148,46,4.2081
179,9,3.7562999999999995
181,31,1.5682999999999998
195,81,4.7963000000000005
128,63,-2.932
57,11,-1.4192
153,52,-4.2188
83,90,2.1628999999999996
33,65,-0.9806999999999997
48,49,-3.3049999999999997
144,42,2.3071
163,91,-0.9972000000000003
138,87,3.6362000000000005
174,7,-3.3509
163,30,-1.6053000000000002
100,87,-0.9409999999999998
190,86,0.9690000000000003
85,26,-2.4876
198,53,-1.3121
12,52,-4.4561
6,63,-0.28859999999999975
172,54,4.112299999999999
84,29,3.632999999999999
100,90,-4.9338
175,51,2.2237
108,36,3.1563
193,9,1.8930999999999996
141,0,-4.7242
69,62,0.9348999999999998
35,23,4.7407
167,20,4.1243
129,86,-0.5587999999999997
20,24,-3.0229
36,36,0.7839
10,24,4.3992
105,72,3.5893999999999995
140,49,3.4459999999999997
132,45,2.5414000000000003
118,9,1.9122000000000003
17,88,4.2547999999999995
84,73,1.3968999999999996
135,60,3.087999999999999
196,28,4.2331
39,59,1.6581000000000001
106,99,-3.5656
38,3,3.1388
10,60,-3.3059000000000003
78,3,-3.9416
152,39,4.356999999999999
55,65,-4.2001
8,84,1.7039
92,92,3.0235000000000003
180,16,-0.9158999999999997
120,91,-3.4708
62,18,3.5206999999999997
160,41,0.3258000000000001
95,23,3.9358000000000004
111,19,-2.3809
74,81,-0.20099999999999962
2,63,0.3551000000000002
164,84,-3.9656000000000002
121,30,-1.9748999999999999
130,52,-2.9791
167,15,-2.5057
35,8,4.3544
144,44,3.3299000000000003
19,28,0.7455999999999996
32,42,-1.6199
62,45,-4.9662
161,83,3.2135999999999996
188,79,0.6399999999999997
171,23,-3.0388
176,28,-2.0714
165,63,2.5311000000000003
37,82,2.3901000000000003
69,10,0.17379999999999995
184,89,-3.4514
192,38,2.074
110,42,-4.3886
126,23,-1.7839
66,15,-0.8323
80,38,-2.9774
97,38,4.3016000000000005
121,31,0.8188000000000004
83,68,3.9961
111,6,-3.2452
184,32,1.9966999999999997
72,44,4.524900000000001
152,74,-3.7113
186,32,-4.9302
131,43,-1.7239
121,99,-1.4113000000000002
13,95,3.0419
94,29,-0.1612
193,14,4.466900000000001
5,79,-3.6258999999999997
52,40,-0.7869000000000002
138,15,3.3264999999999993
37,89,-4.492
13,43,3.2903000000000002
42,60,-4.4392
82,7,1.6334
27,94,-3.9866
164,52,-3.0551
78,82,3.6761
90,49,-2.6496
195,71,4.1195
96,89,-0.9701000000000004
145,9,-0.5731999999999999
81,0,-3.9461
156,62,-1.8666
199,0,-2.1919
9,4,-3.1295
165,17,4.8988
156,82,-4.945
36,24,-3.1934
140,46,-0.013799999999999812
4,17,-0.7842000000000002
78,68,2.5300000000000002
177,72,-0.32730000000000015
90,55,3.7874
78,49,-2.4608
109,91,-2.5691
123,44,1.7675
117,91,0.049100000000000144
81,42,1.1333000000000002
123,8,3.097200000000001
59,75,-3.6478
126,89,1.9185999999999996
72,43,0.5883000000000003
48,11,-3.2472000000000003
147,54,2.0759999999999996
11,87,-1.6122
18,58,-0.45479999999999965
70,69,0.8429000000000002
91,3,-4.9502
173,98,0.5598000000000001
188,95,-3.2865
56,7,3.0612999999999992
28,11,-0.6791999999999998
0,54,4.425700000000001
77,71,1.5073999999999996
113,66,-0.2777000000000003
132,96,4.7219999999999995
143,29,-1.8921000000000001
14,56,2.6443000000000003
13,88,-0.7336
106,48,-3.4059999999999997
10,49,-2.8194
153,68,-4.5542
45,51,-1.8855
135,79,2.3059000000000003
100,11,0.4821
163,80,-2.4758
76,63,-2.6142
130,26,-0.7095000000000002
113,80,0.7958999999999996
41,37,-1.0939999999999999
184,51,4.326599999999999
151,1,-1.5196
146,93,2.8235
77,73,-0.7251000000000003
80,46,3.9086
172,0,-1.6272000000000002
20,66,-3.0218
192,93,4.7242999999999995
173,38,-0.3792
162,12,4.8058
24,50,-2.2269
196,46,1.0918
190,21,4.2766
129,12,-2.7589
85,28,-1.7006999999999999
83,11,-4.3681
125,12,4.6798
15,63,-0.5039999999999996
66,4,-1.5796999999999999
85,69,-3.0235000000000003
65,19,1.5206999999999997
105,75,1.4169
134,52,-4.6297
26,89,1.0538999999999996
73,53,-3.0015
166,92,3.3352000000000004
81,75,2.3385999999999996
52,59,4.1838
158,93,-1.6456
160,43,2.5892999999999997
37,14,-0.8761000000000001
192,80,0.6504000000000003
104,22,-1.0316999999999998
79,50,-1.5238999999999998
199,9,-2.9093
57,10,-2.3478
83,72,3.058299999999999
189,55,-1.6852999999999998
189,68,4.357799999999999
73,15,-2.3841
83,66,2.4192
176,32,-0.032399999999999984
184,17,3.8057999999999996
144,99,-4.4416
26,33,3.5046999999999997
117,6,0.6266999999999996
104,79,-3.6215
75,34,-0.5324999999999998
169,47,-3.9078999999999997
151,38,1.8270999999999997
115,63,-2.6069
74,23,-2.1808
27,68,-1.1059
80,65,-1.4664000000000001
81,32,4.105600000000001
82,80,-0.1482000000000001
81,27,2.6802
166,93,1.7598000000000003
102,66,-2.0417
60,90,-0.46530000000000005
100,94,-4.9251
74,74,-0.1003999999999996
29,63,4.7455
85,99,2.4074
174,35,1.7034000000000002
182,36,2.4943999999999997
62,1,1.3589000000000002
5,89,-1.3245
158,86,3.1252999999999993
193,70,1.5911999999999997
171,4,4.299300000000001
137,92,2.1524
106,61,-0.4017999999999997
110,19,-1.2113999999999998
131,59,-1.0882
139,49,-3.509
53,12,0.6883999999999997
93,16,-3.2767
26,93,2.0895
106,4,-1.0994000000000002
68,71,-4.063
191,22,-2.3072
94,34,-3.3775
189,74,4.2636
192,78,-3.9741
2,56,-3.5538
4,58,1.5439999999999996
80,60,0.25619999999999976
128,76,-1.7757999999999998
71,60,2.0980999999999996
127,72,-3.0134
66,46,-0.6969000000000003
141,68,0.02770000000000028
89,9,-0.7897999999999996
156,11,-4.6985
48,91,-1.5394999999999999
10,25,-1.7752
123,0,-0.013099999999999667
158,24,0.1557000000000004
170,19,-1.0600999999999998
195,5,2.8144
126,50,-3.6052999999999997
140,93,-0.5655000000000001
108,9,2.0271999999999997
171,90,-1.5061
147,92,-3.2775
151,64,-3.4904
20,83,-4.4828
36,35,-0.2405999999999997
13,0,-2.4788
191,24,0.6494
82,46,-0.9359000000000002
190,1,-4.6963
26,73,-3.1826
52,10,3.0985999999999994
134,25,4.257300000000001
19,52,0.7519
147,58,4.055199999999999
16,62,2.4173
21,60,2.7683999999999997
71,79,0.5712000000000002
139,37,-0.2077
112,73,4.6518999999999995
94,13,3.3131000000000004
9,38,-0.4048999999999996
40,81,2.3099999999999996
71,34,-1.0473
126,37,-2.6141
175,74,-0.7043999999999997
148,16,4.977600000000001
82,13,4.2384
112,99,-2.5689
119,58,1.8146000000000004
73,29,3.476000000000001
24,87,2.5952
7,82,2.7413999999999996
189,66,2.0462
83,52,2.4737999999999998
62,17,-2.4329
160,2,-2.263
75,5,-0.9766000000000004
102,68,1.1425999999999998
43,54,2.1753
120,60,-1.5931000000000002
148,68,4.813000000000001
24,54,2.7950999999999997
101,45,0.9020000000000001
141,95,2.2003000000000004
95,16,-3.1056
181,35,2.5106
103,76,2.7112999999999996
184,71,-2.6874
95,83,2.5980999999999996
170,31,1.5864000000000003
85,11,0.1012000000000004
109,90,-1.6259000000000001
196,84,1.2135999999999996
34,47,-2.1274
161,42,-0.8827999999999996
139,86,-1.5539999999999998
175,27,-2.59
102,64,3.8743
151,20,-0.4947999999999997
66,40,0.2502000000000004
73,8,-0.2862
38,10,4.9491
106,55,0.16600000000000037
37,79,2.1106
176,9,-0.6204999999999998
131,16,4.0916
180,75,-4.9088
108,88,-2.8701
32,55,-0.0023999999999997357
33,3,4.559699999999999
127,76,-1.8939
181,32,0.9299999999999997
45,82,-2.9937
50,67,-1.6429
28,14,-0.2817999999999996
53,61,-3.003
4,21,-4.6254
135,10,-1.2749000000000001
120,18,-2.6813
74,98,-0.9702999999999999
34,5,0.0990000000000002
96,83,-2.7983
158,21,3.507999999999999
148,97,1.4048999999999996
120,30,-1.7952
123,16,2.8322000000000003
18,14,-1.0756000000000001
106,51,2.9337
115,49,2.5118
79,25,3.6160999999999994
71,89,-4.2952
131,94,-0.05400000000000027
117,51,-2.9741
98,30,1.2980999999999998
70,10,1.4451
15,41,-0.7565999999999997
184,36,0.5913000000000004
4,20,2.492
149,79,4.871
134,75,3.3163
94,64,0.4150999999999998
85,14,1.1435000000000004
143,80,-1.8816000000000002
103,38,2.7694
12,83,0.21659999999999968
157,55,-2.497
44,52,2.6734999999999998
112,9,1.0495999999999999
182,66,3.9459
123,18,-1.8776000000000002
67,41,2.2621
176,83,-3.0936
115,50,-4.5822
197,81,4.1013
35,94,1.4035000000000002
199,61,2.9135
102,61,-1.9775
147,29,-0.17900000000000027
196,96,-3.8908
38,12,2.9555
47,68,3.5016999999999996
179,38,-3.0248999999999997
138,98,-1.0
33,67,3.1736000000000004
195,23,-2.7144
0,89,-3.8131
44,31,-3.1702
136,51,-2.4665
130,87,-4.7487
148,44,3.8543000000000003
71,68,-3.0343999999999998
151,10,4.3774999999999995
128,40,-4.8778
134,70,-4.1943
115,80,-4.5662
90,48,2.4546
11,45,3.8362
24,7,-2.188
60,83,-1.7822
42,23,-4.6025
88,99,-2.2099
47,82,1.0879000000000003
92,1,-3.6033999999999997
183,28,-0.8880999999999997
168,8,1.0633
49,58,-0.032399999999999984
199,12,2.2123
29,18,-1.1063
124,72,-3.0145999999999997
37,18,1.7763999999999998
137,59,-4.9966
148,85,-2.4131
53,44,-3.0864000000000003
8,67,-1.5840999999999998
23,94,1.9021
123,33,4.2552
7,62,3.8805999999999994
135,15,2.9932
80,59,-0.34250000000000025
25,27,-0.5742000000000003
32,38,4.601000000000001
11,1,-0.42330000000000023
66,51,0.4496000000000002
62,51,3.8668999999999993
97,48,-2.2284
79,70,4.367900000000001
196,45,-4.3875
120,81,4.434100000000001
30,94,-1.717
170,53,0.7538999999999998
189,57,-3.2615
20,59,3.379200000000001
49,35,-4.8989
144,53,-0.11340000000000039
43,78,0.37950000000000017
113,98,-1.8054000000000001
167,93,-3.7074
173,35,-4.2132
154,53,4.5962
125,87,-4.4672
64,0,-1.6646999999999998
145,88,4.3101
111,74,-0.8026999999999997
97,25,-3.5156
105,39,0.7807000000000004
31,53,-2.3643
18,72,-4.5125
123,58,0.30600000000000005
59,82,-2.0325
102,20,-0.5660999999999996
4,91,-2.1559
159,17,-1.1949999999999998
66,89,3.4175000000000004
71,93,-3.857
55,19,-1.2673
164,39,3.0273000000000003
169,29,-1.8674
125,45,1.0563000000000002
141,20,-4.0788
157,96,-4.3084
8,79,0.5899999999999999
184,16,-3.6686
92,78,-2.7603
150,35,-3.8200000000000003
104,60,0.7481
164,92,-0.5664999999999996
49,81,-0.12809999999999988
98,49,-3.463
59,39,3.872
88,89,-3.7803
136,70,2.8967
121,94,-0.08009999999999984
3,93,2.4607
150,13,-0.9227999999999996
162,19,-3.5675
19,68,-1.2669000000000001
154,63,-2.1655
137,18,0.8597000000000001
195,0,3.1690000000000005
49,10,3.3606
173,29,-4.318
35,82,4.258100000000001
21,14,4.766400000000001
116,3,3.1618999999999993
198,45,-2.9008
187,79,4.128399999999999
27,20,0.4523999999999999
21,72,0.3954000000000004
8,89,-1.9310999999999998
142,81,0.8513999999999999
93,96,-4.3481
22,35,0.4408000000000003
155,45,-0.7793000000000001
86,8,0.7362000000000002
156,44,-0.9227999999999996
12,28,2.1933999999999996
87,26,-3.0787
107,87,-1.8448000000000002
108,64,2.4574999999999996
141,31,4.790100000000001
16,5,4.5466
129,92,-1.5473
13,99,2.5845000000000002
151,21,3.038500000000001
137,97,-2.7511
77,15,2.1696
74,64,-3.6614
8,18,0.9489999999999998
108,89,-4.4757
31,55,0.6984000000000004
21,22,1.4401000000000002
5,82,0.5970000000000004
134,76,0.20420000000000016
126,49,2.4052
167,9,3.2513000000000005
108,54,3.1881000000000004
12,84,4.140499999999999
11,15,0.5114000000000001
181,53,2.8798000000000004
24,25,-0.7725999999999997
156,12,-1.608
52,57,1.2057000000000002
125,51,3.978999999999999
31,21,3.8765
52,60,2.1512000000000002
59,48,4.5016
9,46,-3.9481
0,56,1.4469000000000003
25,17,2.7539
98,89,-1.7749000000000001
152,82,-4.1221
75,66,1.6105
91,53,-2.9265
166,43,2.0922
110,6,0.7370000000000001
175,96,-4.6696
152,99,0.8022
97,32,4.5746
162,87,2.7178000000000004
187,77,-2.9631
31,76,-2.5805
26,39,-1.2553
76,10,-2.4248
171,83,-1.8075999999999999
0,45,4.8987
50,38,4.957800000000001
102,39,0.8148
136,90,-1.1528999999999998
30,34,0.9617000000000004
174,23,4.3073999999999995
19,56,4.6959
194,9,2.1075
148,41,1.8360000000000003
38,92,-4.7155000000000005
31,41,3.8072999999999997
146,66,2.7617000000000003
87,98,2.2492
87,99,2.9061000000000003
74,8,2.002
175,71,2.4463
41,43,1.5086000000000004
13,51,4.6469000000000005
33,52,2.8772
45,12,-0.6087999999999996
8,54,4.0184999999999995
136,17,2.2262000000000004
199,6,-2.2451
13,41,4.3354
138,32,2.787
149,98,2.7531999999999996
125,59,2.7838000000000003
137,32,-2.4187
85,66,3.1043000000000003
60,39,-4.8266
165,38,4.2219999999999995
6,24,-3.0431999999999997
61,16,4.9918
161,25,-4.8768
145,47,-4.2262
181,60,-3.8712
94,25,-0.024499999999999744
2,60,3.4299999999999997
188,98,-1.1949
88,57,-3.5754
139,13,-2.5454
125,69,-2.2233
84,35,0.3868999999999998
46,94,-4.1973
190,67,-0.8247999999999998
197,91,0.6577999999999999
94,79,-0.6989000000000001
85,2,0.8388
144,88,-4.4142
52,44,2.5477
26,32,-1.3483999999999998
88,54,-2.0415
115,4,4.6248000000000005
121,21,4.003500000000001
8,8,-3.6883
90,29,-2.1103
163,70,0.9861000000000004
99,59,-4.069
98,12,-4.4216
78,98,-4.9777
5,71,0.7885
113,31,-2.6781
22,94,1.0858999999999996
89,29,-2.0979
31,86,4.3918
188,2,2.5258000000000003
146,52,-0.5898000000000003
107,12,1.0789
88,3,3.7676999999999996
138,65,4.440799999999999
79,20,-2.3294
83,95,0.8650000000000002
135,24,-2.2478
135,69,2.8998999999999997
116,46,2.4122000000000003
50,89,-1.6111
161,15,-3.9013
54,39,4.225099999999999
145,69,-3.1601999999999997
4,25,0.5538999999999996
108,87,2.8272000000000004
101,81,-1.1019999999999999
112,23,3.896699999999999
187,57,-3.1044
138,44,0.8452999999999999
152,65,-1.4315000000000002
195,89,-4.5796
12,8,4.7531
195,79,3.9215
156,61,3.0854
117,12,-0.6387999999999998
80,36,-4.1372
162,30,-3.1469
197,11,-0.46440000000000037
22,61,-2.4219
106,25,0.025100000000000122
57,55,2.2095000000000002
56,45,-2.4309
66,85,-0.7545000000000002
196,65,-2.1037
137,40,0.3437000000000001
45,6,0.8362999999999996
176,17,3.0251
87,87,0.5834000000000001
89,56,0.7919999999999998
196,91,-2.216
15,15,2.1805000000000003
8,39,-0.7428999999999997
157,17,-4.8529
56,83,2.4428
153,3,-1.4003
105,34,-0.11979999999999968
140,45,-0.42379999999999995
118,95,2.8705999999999996
105,69,3.202400000000001
133,64,4.0459
49,36,-0.5198
199,5,-2.0371
5,60,-1.3069000000000002
60,73,1.3918
153,95,0.11150000000000038
56,49,-0.7813999999999997
123,28,2.8586
182,41,0.5029000000000003
134,84,2.7184
103,13,-4.4115
169,61,3.129200000000001
108,28,3.0340000000000007
96,57,2.7485
59,2,1.5957
168,41,3.979799999999999
31,35,-4.5692
14,70,-4.8065
124,41,2.6304
104,58,-3.9186
157,83,3.6409000000000002
111,99,3.2348999999999997
158,76,1.9249999999999998
122,43,-1.4634999999999998
48,27,1.8249000000000004
101,33,4.702400000000001
58,88,-2.9812
40,71,1.12
162,34,1.1444999999999999
93,6,4.6632
15,89,-4.8411
51,23,4.2432
178,58,3.8804
22,69,-0.8817000000000004
159,37,2.3545
1,15,3.5993999999999993
143,84,2.7755
92,74,3.0920000000000005
130,97,2.3785
117,75,0.5218999999999996
74,89,-1.362
55,70,-0.6283000000000003
0,60,0.13710000000000022
193,44,3.7661999999999995
49,88,3.9093999999999998
128,34,-0.5313999999999997
117,58,2.1394
37,1,0.5016999999999996
143,4,2.4105
19,91,-3.2301
97,24,0.09970000000000034
143,98,0.6398000000000001
35,92,4.310499999999999
131,35,-1.6817000000000002
193,35,4.6608
159,33,-1.7240000000000002
108,98,-4.9836
164,53,1.3501000000000003
64,35,-1.2454999999999998
103,73,-0.39060000000000006
182,58,0.5515999999999996
18,10,2.6849999999999996
68,81,-2.1612
114,13,2.373
115,3,-3.5699
55,93,-2.7675
31,74,4.419600000000001
93,75,0.03910000000000036
150,37,-2.7289
147,77,-4.6588
199,88,3.1379
76,73,-0.9600999999999997
149,30,2.5138999999999996
108,92,3.328099999999999
141,78,-3.8456
111,25,2.5311000000000003
92,71,-3.498
186,1,0.0801999999999996
7,25,2.1063
191,56,4.2272
27,36,1.1417000000000002
87,10,2.1323999999999996
86,99,-2.1585
17,93,2.5717
187,66,-1.3409
85,9,-4.1232
161,82,-3.8486000000000002
61,75,-3.2014
15,44,4.5318000000000005
54,19,1.6982
88,16,2.5019
141,4,-1.1919
161,27,3.8241999999999994
167,91,-0.19840000000000035
49,41,1.7770000000000001
19,45,3.635
81,82,4.9223
108,43,4.597799999999999
80,96,3.1203000000000003
110,71,-0.5446999999999997
96,43,-3.7306
128,7,2.5526
5,38,-2.8502
80,72,-3.3343
128,51,-1.6391
163,81,4.1754
161,54,-1.1274000000000002
119,20,4.5663
137,86,-1.0203000000000002
1,34,3.875400000000001
139,1,-3.4066
110,82,1.3552
8,13,-3.2114000000000003
83,79,-1.8637000000000001
127,67,-3.7277
31,43,-2.3681
147,41,2.7118
95,60,-4.413
11,67,-2.7836
158,17,-4.7377
113,5,-1.754
84,68,2.4028
66,34,4.2574000000000005
152,70,4.897600000000001
28,31,-2.0716
40,2,-3.3181000000000003
28,76,0.11289999999999978
195,16,4.3721
139,88,-3.5257
91,20,3.0462000000000007
162,86,-1.9226
167,41,-4.1464
19,6,-2.7252
15,77,2.6969000000000003
56,14,0.7365000000000004
129,65,2.1436
61,13,2.1454000000000004
171,7,-1.4386
124,21,-2.5634
70,51,2.7348999999999997
60,66,-3.7809
49,77,-2.4852
138,3,0.13349999999999973
133,16,2.3465999999999996
31,42,-0.7289000000000003
187,24,-1.1646999999999998
104,8,1.3872
17,77,-2.9109
104,27,-0.9518000000000004
62,56,-2.1578
132,36,2.1311
102,23,4.4853000000000005
38,51,-0.21089999999999964
139,63,-1.3834
196,17,3.5481
67,69,2.8474000000000004
115,10,-3.1872
158,12,-0.36960000000000015
52,77,-4.7866
34,4,2.9231
187,14,4.642799999999999
171,70,0.9721000000000002
175,88,4.035
67,58,0.6262999999999996
112,70,-4.6647
154,49,-3.8281
50,37,2.7596999999999996
9,49,4.0251
78,23,-0.4478
141,9,-4.4479
32,16,2.2424
65,13,-4.1955
40,20,1.1330999999999998
166,42,-2.4426
37,47,-3.9223
83,31,-3.2039
174,26,-1.005
15,95,-4.3302
26,21,-4.1264
158,40,0.7904
12,70,1.1653000000000002
145,83,1.4546999999999999
121,41,-1.2163
179,95,-0.36489999999999956
71,6,4.105600000000001
101,56,-3.1399999999999997
37,6,-4.244
42,15,-1.0116999999999998
83,14,1.3692000000000002
102,48,2.7350000000000003
93,33,-1.0939
162,62,2.1921
50,68,3.771000000000001
167,36,-1.0392000000000001
94,98,-4.5807
180,48,4.4312000000000005
69,38,1.3857
134,59,3.0487
190,27,-0.6349
92,31,1.3531000000000004
136,55,0.8212000000000002
182,10,-1.5669
20,21,-1.1095000000000002
54,97,1.5381
63,58,0.6589999999999998
137,61,-1.4449
93,54,4.0214
189,84,-0.10599999999999987
199,81,2.7123999999999997
197,38,-2.3026
130,80,1.6440000000000001
161,9,3.7431
83,29,2.2645
67,29,3.5630000000000006
43,81,-1.354
46,11,-3.4712
47,95,-2.346
80,64,-3.1626000000000003
63,56,-2.1462
174,57,2.9010999999999996
91,77,-4.1848
64,83,-2.6408
133,39,-1.9264000000000001
56,43,-2.2619
122,87,1.5492
61,90,1.0606
17,49,-2.3645
170,34,-1.5989
62,27,-0.026200000000000223
169,33,1.4356
46,50,-2.9809
165,42,-4.8174
70,66,-2.3445
122,8,-0.5152999999999999
53,81,2.4866
140,40,-0.5366
175,62,-2.9428
3,30,2.7702
128,42,4.146800000000001
106,29,1.9573999999999998
43,66,-0.5549999999999997
52,43,1.2796000000000003
196,81,2.9848999999999997
8,93,1.5305
150,85,-1.83
120,21,-0.8346999999999998
49,71,-4.7309
9,70,3.8932
88,83,4.4261
91,86,-0.33150000000000013
168,93,3.4504
182,0,-3.0873999999999997
88,87,0.5873999999999997
195,99,-1.1488999999999998
196,60,4.3779
157,68,-4.4414
128,27,-0.6963999999999997
39,30,-1.3939
89,57,3.6273
139,20,-3.3932
86,72,0.1618000000000004
124,83,2.9112999999999998
103,88,-3.665
69,17,3.202
199,48,-2.4191
10,37,3.0791000000000004
20,22,2.9116
102,75,-0.4295
101,85,3.9231999999999996
173,88,-1.9458000000000002
84,83,-2.1004
33,76,1.9973999999999998
56,0,3.0540000000000003
164,22,2.2398999999999996
161,75,1.4657
38,8,-4.7076
96,84,1.8188000000000004
126,74,-4.3463
61,27,3.130699999999999
105,41,3.7057
57,2,0.5758000000000001
63,32,-4.1971
16,52,-1.1297000000000001
40,16,2.4879
91,19,1.7877
118,75,-0.8276000000000003
24,8,-0.6364999999999998
101,95,4.3384
57,90,4.9857
22,20,4.713699999999999
99,56,-1.0065
63,46,0.5921000000000003
18,8,-0.7850999999999999
121,69,1.5118999999999998
79,34,1.4680999999999997
92,43,-1.0135999999999998
29,15,4.9838000000000005
89,19,-3.7184
103,12,-4.4013
14,26,4.068300000000001
114,46,2.8305
66,56,-0.8624999999999998
152,62,2.401
157,6,-2.7702
163,93,2.2531999999999996
14,28,2.8037
43,20,-1.9468
91,31,-2.3491
125,82,-4.461
81,67,4.9902
88,22,3.3598999999999997
51,79,1.7694999999999999
2,2,3.2413000000000007
165,88,-1.1227
33,45,-1.5461999999999998
8,78,-2.3749
28,60,-1.5257999999999998
27,86,2.497
129,69,3.8971999999999998
149,27,-0.9964000000000004
173,49,4.067399999999999
133,31,1.6013000000000002
93,18,-0.9211
54,62,-3.5610999999999997
74,60,3.7424999999999997
199,89,1.1247999999999996
159,90,-2.3406
17,55,-4.9439
77,97,2.4034000000000004
2,51,-0.1631999999999998
175,29,4.241099999999999
29,93,-4.9711
167,55,-2.3997
199,92,1.9950999999999999
165,23,-0.9549000000000003
135,31,-0.18820000000000014
111,23,0.3322000000000003
124,82,-0.6563999999999997
132,92,-2.7659
87,32,0.2392000000000003
170,59,4.002599999999999
188,99,-2.1634
132,86,3.2393
59,96,0.38870000000000005
53,69,-0.6748000000000003
85,70,-2.1697
47,32,4.1479
180,42,-3.7196
120,65,-3.6284
180,58,4.7643
112,57,-1.241
58,46,3.4991000000000003
187,71,-4.5477
21,91,4.2788
112,15,4.2844999999999995
62,99,-2.1037
173,47,-2.5481
179,65,2.9321
118,34,-2.1116
94,41,-3.641
76,26,-3.1332
132,91,1.5625999999999998
10,67,1.1169000000000002
10,73,-2.3569
46,57,2.5675
178,87,-2.301
44,89,3.872
125,39,-4.8522
40,91,-3.8704
8,95,2.0934999999999997
171,39,-1.8203
113,61,-1.9969999999999999
99,58,0.8014000000000001
99,68,1.0789999999999997
114,81,-3.615
167,53,3.3016000000000005
30,98,-3.4036999999999997
85,95,-4.6746
126,35,-4.2248
101,14,-1.6549999999999998
51,38,-2.1613
37,61,-0.532
23,16,-3.5217
103,4,4.3332999999999995
185,33,-3.4861
12,98,2.1994
76,98,0.5632000000000001
185,14,-4.621
102,53,0.09609999999999985
178,98,4.073
154,93,1.0126
55,17,-3.2894
101,22,0.133
49,2,-3.8668
24,6,-3.4878
132,19,2.6689
89,24,4.526400000000001
124,32,3.8811999999999998
50,79,1.2899000000000003
166,1,2.9654
58,55,-3.8201
4,52,-2.293
68,16,2.4728000000000003
196,98,3.4777000000000005
187,47,4.9673
90,21,-0.6189999999999998
105,79,-2.8167
121,33,-1.8338
147,68,-4.4704
45,90,0.2958999999999996
198,79,-1.1886
140,64,4.7903
81,29,2.7394
107,43,-2.8906
129,35,0.15779999999999994
99,60,-2.4332
163,79,-4.4773
57,35,0.5472999999999999
149,80,1.6321000000000003
38,68,-1.2694
45,39,2.3837
169,18,-3.9856
148,12,-3.0579
153,42,-2.9431
0,65,-3.8094
41,47,3.7952999999999992
34,75,0.03329999999999966
142,6,-4.6865
11,36,-0.10160000000000036
141,6,1.4363000000000001
49,15,-4.1763
54,86,-4.0062
61,68,1.141
44,58,-4.467
32,28,1.8219000000000003
36,85,-4.3419
104,31,3.9709000000000003
174,77,1.6898
74,86,-2.5817
106,28,4.8895
61,6,-4.235
64,42,-0.2903000000000002
135,20,-0.4839000000000002
153,57,-3.0256
133,35,-1.4500000000000002
199,95,-2.7331
39,55,-3.9031000000000002
107,37,-2.2886
63,0,4.1538
135,75,-2.5196
146,11,3.9154
113,11,-1.4253999999999998
22,15,-4.5831
32,27,2.0730000000000004
38,71,-0.11069999999999958
101,11,-2.5679
88,72,2.2252
184,27,2.0850999999999997
32,41,3.933299999999999
186,34,-3.5878
11,56,-4.3331
58,36,0.22269999999999968
52,28,2.6212999999999997
100,37,0.4775999999999998
104,50,-2.123
156,9,4.2165
98,82,-0.17929999999999957
192,25,4.3962
138,29,0.1283000000000003
72,27,-3.1349
31,2,-3.9981
121,56,-4.1795
104,9,1.2767
47,53,-0.09590000000000032
99,39,3.6579999999999995
43,0,-3.4547
92,34,1.3385999999999996
185,22,1.0354999999999999
153,84,3.0333000000000006
47,67,0.4516
14,22,2.0987
193,45,0.053600000000000314
97,63,3.4153000000000002
128,64,0.16439999999999966
81,45,3.2668
73,46,-3.4905999999999997
148,28,-4.9999
119,94,2.8419
92,64,2.2424
63,95,1.7798999999999996
73,79,2.8122
9,80,-0.1565000000000003
165,56,-2.2979
41,24,-0.5674000000000001
178,39,-2.1765
11,58,-2.5873
35,93,4.978199999999999
186,92,2.1068
154,52,4.9778
148,47,-0.0506000000000002
150,31,-4.1030999999999995
30,19,-2.1761
185,46,-1.6114000000000002
133,79,-0.04720000000000013
93,17,-1.1594000000000002
116,37,-0.5267999999999997
166,80,1.1696999999999997
69,61,-4.4042
196,79,4.3093
151,89,1.1102999999999996
135,65,4.4175
188,62,-4.6349
57,40,-3.75
164,67,0.7129000000000003
106,8,-3.669
169,5,3.8308
179,45,-4.3876
97,66,-0.00849999999999973
178,29,1.5061
30,46,1.9644000000000004
126,95,-1.7073999999999998
105,97,0.8754999999999997
137,98,3.1796000000000006
158,39,4.803100000000001
85,60,-0.07179999999999964
131,25,4.897600000000001
53,56,3.2170000000000005
134,20,-1.6719
29,77,-2.4029
93,37,-0.015900000000000247
78,25,2.4751000000000003
101,64,4.9907
84,65,-1.4232999999999998
63,43,1.9996999999999998
49,44,0.34389999999999965
63,66,-4.5013
105,42,4.1516
63,74,-2.8321
114,78,-0.26560000000000006
128,88,-3.7459
61,0,-4.7577
161,76,-0.44899999999999984
143,82,0.9344000000000001
89,96,-1.8327
164,95,1.0137999999999998
177,46,-3.3365
0,29,-3.8077
141,56,-3.1046
157,30,2.4108
88,71,-3.7114000000000003
49,12,-2.9023
191,2,4.372299999999999
154,5,-2.3073
168,66,4.3896999999999995
25,18,-4.9486
183,11,-1.8125
184,44,-4.4956
0,3,3.4567999999999994
128,47,1.9889999999999999
20,77,2.4600999999999997
154,32,-2.5773
118,12,-4.2569
20,42,3.6425
123,66,-3.9368
168,84,-0.7441000000000004
42,93,-2.9952
16,19,-2.1586
40,43,1.5317999999999996
52,62,3.1014999999999997
66,78,1.0278999999999998
58,26,-0.45870000000000033
127,78,3.9838000000000005
6,62,-4.868
140,71,-3.3925
190,53,0.7171000000000003
39,34,-1.5739
144,8,-1.8872
167,48,-4.2929
171,29,3.1310000000000002
184,88,-2.7061
9,73,4.6913
79,14,-3.4611
65,42,2.9444
14,76,4.234500000000001
122,85,-2.9954
25,40,2.5164999999999997
163,46,-3.9419
33,42,4.3414
114,76,0.19200000000000017
140,89,-3.3379000000000003
198,70,1.5354
155,49,1.2180999999999997
169,44,-0.4023000000000003
4,92,-1.0859
54,0,1.2386
161,95,-2.6226
2,20,1.7606000000000002
21,99,3.8918999999999997
190,95,1.2607
170,18,-1.6252
137,48,-4.873
5,48,-4.9342
71,83,2.301
195,7,-0.7526999999999999
87,5,1.8785999999999996
140,80,4.018700000000001
11,50,-0.7319000000000004
138,94,-3.1
91,87,-2.7158
92,70,0.8375000000000004
82,6,-0.8467000000000002
139,34,-0.7634999999999996
86,83,-2.4324
105,86,-0.867
149,24,-0.9908999999999999
186,41,4.0511
37,36,2.3977000000000004
26,83,2.2009999999999996
51,95,3.6639
57,8,-0.005700000000000038
47,4,1.0118999999999998
5,72,-1.2397
93,39,3.6986000000000008
188,51,-1.3584999999999998
56,35,-3.8137
110,7,-2.2409
71,81,-0.7176999999999998
29,32,2.0312
146,62,4.8965
56,67,4.6248000000000005
170,39,-0.6326
128,1,0.6353999999999997
41,78,-4.3495
190,57,-4.5041
91,37,-3.1143
121,53,0.7893999999999997
24,97,-3.5727
174,34,-3.0069999999999997
31,17,4.58
67,10,2.7199999999999998
177,73,3.4131
24,45,1.6806
184,31,-4.0649
182,48,-1.8353000000000002
123,40,2.8183
156,21,1.7060000000000004
5,65,3.4654000000000007
52,74,-2.9788
42,56,4.948499999999999
158,73,-4.5908999999999995
109,73,-0.7026000000000003
136,33,-0.6696999999999997
187,16,2.6018
45,4,2.569
16,60,-1.2532
158,60,0.7556000000000003
166,82,-3.577
163,55,-0.6245000000000003
62,80,-2.3839
41,57,2.8823
144,70,2.3911
40,31,-2.5256
157,21,-1.9508
166,33,-3.6589
59,10,-2.1416
74,75,1.1184000000000003
19,98,0.16720000000000024
35,50,4.8606
148,67,2.6013
45,96,-1.8043
156,54,-3.9977
120,87,-4.0123999999999995
40,37,-1.0724999999999998
193,88,-4.6068
169,7,2.1883999999999997
120,71,0.6093999999999999
146,60,1.6692
147,79,3.9486000000000008
42,39,-1.8051
194,6,-3.9459999999999997
151,28,2.6238
62,68,0.9561000000000002
155,66,-2.5356
9,0,-0.7592999999999996
83,71,2.7577999999999996
103,83,-3.6439
3,73,4.732900000000001
150,69,1.7004000000000001
178,5,3.1652000000000005
146,28,-4.549
189,72,0.8753000000000002
3,60,3.1036
82,3,0.09049999999999958
153,5,-1.8296999999999999
55,20,2.3897000000000004
94,14,4.1287
149,43,3.8955
191,5,3.2514000000000003
131,73,2.4052
190,14,-0.8918999999999997
39,40,-3.9542
183,69,1.0063000000000004
141,40,3.6959
146,95,-0.2868000000000004
22,18,-0.8251
156,90,-3.3161
184,47,-4.0054
0,33,-3.6022
7,40,2.8813000000000004
111,32,-0.9386000000000001
23,93,-1.4719000000000002
195,69,-3.3885
60,2,-3.7229
140,24,2.2337
81,89,1.4798999999999998
53,1,2.2919
146,19,3.532400000000001
152,44,2.9006999999999996
134,89,2.0012999999999996
59,43,2.8651999999999997
188,53,1.476
87,74,0.48709999999999987
102,19,-3.6284
60,29,-2.2686
19,14,1.0797999999999996
93,53,-2.3329
33,79,0.1761999999999997
125,25,2.8897000000000004
77,47,4.8946000000000005
51,46,4.5915
14,58,4.2658000000000005
23,26,0.641
51,35,-2.4999
30,17,-3.2436
131,74,-4.1427
102,5,2.4524
173,69,1.9096000000000002
49,90,2.8266
31,11,-4.4818999999999996
47,92,-3.6127000000000002
159,8,-2.5801
70,97,-3.0087
147,52,0.5030999999999999
101,2,-2.8389
78,9,-1.9331
31,98,0.5401999999999996
59,49,-0.19069999999999965
23,76,4.7616
91,48,2.3643
182,83,1.2283
145,48,-3.5499
36,86,-2.795
149,75,-0.8811999999999998
86,3,0.24659999999999993
162,84,1.9760999999999997
115,92,4.4411000000000005
113,12,-1.3298999999999999
128,56,1.5720999999999998
129,98,-1.4108
106,37,-3.497
118,80,-0.1966000000000001
47,1,-0.01529999999999987
181,84,3.2201000000000004
135,40,-4.6848
10,83,-1.8232
198,76,-3.1878
34,97,0.6037999999999997
144,98,-2.1852
34,10,4.927899999999999
150,5,4.9427
110,95,-0.10679999999999978
11,48,-3.6488
180,12,-3.5164
144,85,0.6166999999999998
173,63,0.02120000000000033
164,55,-2.3791
26,15,-1.0699999999999998
146,98,-3.0196
156,47,0.17429999999999968
24,55,3.9025
181,63,4.161
1,33,0.14660000000000029
194,70,-3.5016
95,67,3.2979000000000003
17,45,2.7076000000000002
102,12,-3.8395
133,14,-0.6933999999999996
135,23,-2.781
115,47,-2.7698
20,17,-4.3711
177,22,2.4185999999999996
177,78,2.7333
6,20,4.808299999999999
25,32,-4.9296
58,19,-3.2136
95,31,-4.3118
70,67,-4.2529
8,45,3.9505
3,63,-4.8833
118,13,2.7946
25,51,-1.0619
171,3,1.4286000000000003
11,22,1.8692000000000002
129,95,0.0719000000000003
97,22,4.7669
98,72,2.1980000000000004
86,9,3.2539
70,78,0.8960999999999997
69,45,-1.5911
27,32,1.2053000000000003
18,23,1.5989000000000004
43,88,-3.4026
178,15,2.0765000000000002
180,37,4.465
162,89,-3.2024999999999997
82,49,-1.2344
25,6,0.14419999999999966
156,15,2.6929
75,87,-4.9045
68,28,0.8132999999999999
61,1,1.9428
21,56,2.7263
169,75,-0.0860000000000003
31,38,-3.791
4,45,0.33670000000000044
15,60,-1.9916999999999998
9,88,-4.478
119,21,3.5571
7,1,-1.0741
84,38,-2.4609
110,8,-0.45889999999999986
86,95,-2.2475
93,45,1.3898000000000001
191,57,-0.3993000000000002
5,19,1.1835000000000004
50,73,-1.8519999999999999
65,79,1.8559
111,80,-0.9444999999999997
40,55,-0.4400000000000004
6,61,-2.4796
14,17,0.6215000000000002
14,21,-1.7339000000000002
192,68,-1.9041000000000001
8,56,-1.7684000000000002
100,43,0.20800000000000018
88,9,-0.4844999999999997
100,20,1.9139999999999997
146,80,-4.6158
21,8,4.2036
99,70,4.342599999999999
119,19,1.5964999999999998
77,9,3.8027999999999995
116,8,-4.2645
18,76,-1.4642
14,92,-0.3441000000000001
47,23,0.07350000000000012
160,22,-4.0382
74,39,-1.6993999999999998
54,46,4.593999999999999
112,21,-4.8616
79,76,3.623100000000001
99,53,-0.7159000000000004
63,75,-0.7481999999999998
5,8,4.804
138,99,4.996700000000001
87,88,-2.4172
148,52,2.1649000000000003
169,39,-0.13510000000000044
110,66,-4.1669
99,16,-3.167
23,91,-3.9473000000000003
4,56,3.4147999999999996
193,25,-1.4066
101,74,-0.3320999999999996
161,40,-2.1912
174,13,3.0518
95,58,3.745799999999999
163,52,3.8193
172,44,4.1402
129,59,-3.803
34,61,-2.1524
97,18,0.6733000000000002
90,20,3.1036
129,10,4.974500000000001
159,54,0.9867999999999997
171,34,-4.9122
85,29,1.8512000000000004
64,18,2.9574999999999996
87,83,2.5419
175,30,3.8400999999999996
186,54,1.8693
141,80,-0.8219000000000003
140,47,-3.5195
106,33,-3.4223
138,79,-1.1160999999999999
36,17,-3.222
93,40,-1.5484
193,23,-2.845
21,66,-0.9824999999999999
92,3,-4.2209
55,72,1.5949
93,65,-4.9344
57,63,-4.5872
156,86,2.0682
176,24,-4.0629
62,95,-1.9024999999999999
42,69,-4.6118
51,22,-4.9404
122,14,4.672599999999999
127,12,4.6029
142,11,4.7767
82,24,-4.2435
69,22,-1.8973
104,94,2.2481999999999998
42,2,2.4151999999999996
81,16,-3.6558
44,17,-2.9829
178,56,-4.7589
165,34,1.3285999999999998
16,89,-3.0998
0,94,-4.6232
81,90,0.38239999999999963
197,19,1.6952999999999996
183,96,-0.32810000000000006
44,94,-2.7544
153,62,-2.7192
132,97,1.8282999999999996
188,69,-0.40310000000000024
162,79,2.0959000000000003
40,27,-1.7427000000000001
65,0,0.7346000000000004
39,81,-0.038599999999999746
40,6,1.2823000000000002
117,89,2.3255999999999997
25,60,-0.9627999999999997
175,58,2.9114000000000004
176,60,4.648300000000001
128,12,-4.1483
28,20,1.5606
6,26,-1.7412999999999998
165,26,-0.06850000000000023
187,40,-1.0051999999999999
84,82,-0.9828999999999999
166,69,0.5532000000000004
37,75,-1.0789
166,49,-0.8730000000000002
176,59,4.2417
160,67,4.322800000000001
122,46,3.904299999999999
130,50,2.0736
158,90,0.2744
139,42,-2.7452
96,72,-3.8120000000000003
176,50,-4.7428
45,56,-4.4801
22,22,-3.3712999999999997
111,22,-4.8764
125,68,1.0143000000000004
191,40,0.0018000000000002458
13,86,3.6735000000000007
105,94,4.116899999999999
189,56,4.681800000000001
57,61,-0.41769999999999996
35,68,-1.3561999999999999
66,0,-1.3173
74,96,2.0711000000000004
145,63,3.2072000000000003
160,92,-3.7461
23,19,-3.7278000000000002
109,46,0.5782999999999996
181,21,1.8887
182,38,3.8679000000000006
33,91,-4.483
127,91,3.0252
33,25,-2.8325
176,7,1.2607999999999997
122,95,-1.8264999999999998
82,77,-0.8026999999999997
127,57,-2.1754
12,13,-3.8289
136,63,-0.27360000000000007
115,44,1.7801999999999998
103,54,3.7224000000000004
149,95,-4.1415
61,30,-0.2775999999999996
165,82,-2.3071
171,94,3.5633999999999997
179,23,-3.815
59,71,0.9554999999999998
171,33,4.7827
167,86,1.9273999999999996
183,87,-2.676
149,31,-1.3210000000000002
51,83,-1.8481
143,35,-2.3503
102,30,2.3479
16,31,-1.4113000000000002
134,47,4.8142
10,19,1.5862999999999996
73,52,4.2120999999999995
53,89,3.6648999999999994
7,50,4.8904
85,80,3.1534999999999993
102,62,1.1704999999999997
174,82,1.4806999999999997
104,82,-4.9562
68,65,-0.11969999999999992
182,72,1.0339
182,50,1.452
28,67,1.8693999999999997
197,34,-4.6717
185,31,-2.2916
22,67,-0.12600000000000033
144,57,-3.9103000000000003
9,40,4.2226
23,59,3.9795999999999996
171,24,2.8261000000000003
165,25,-3.2582
78,39,1.5620000000000003
193,5,3.8955
60,89,2.1801000000000004
154,68,4.890000000000001
194,48,1.9626000000000001
38,69,4.5558
60,23,2.9257999999999997
87,56,-4.3542
91,35,0.1604000000000001
54,85,-2.9618
162,76,1.2770000000000001
185,20,-0.32319999999999993
139,77,-3.3289
34,95,4.8192
55,96,-2.0029
121,74,-3.4341999999999997
188,58,0.7782
111,75,2.4741
79,45,2.0579
17,0,4.577299999999999
121,28,2.7281000000000004
162,22,2.1020000000000003
121,26,-0.5693000000000001
171,49,2.0528000000000004
146,78,-4.8927
25,9,2.0176
106,3,0.6576000000000004
87,28,-4.3542
83,50,-4.5357
59,83,2.4467999999999996
131,87,-2.7499
104,97,-4.5262
90,24,4.3948
152,77,1.7005999999999997
41,22,4.392099999999999
63,78,4.5168
116,38,0.8281999999999998
100,55,-3.2272
78,65,-1.9559000000000002
87,52,1.7596999999999996
163,20,3.4267000000000003
197,46,-7.999999999999119E-4
130,99,-1.3634
10,1,1.0232
37,41,-3.9385
144,27,-1.7748
127,1,2.3280000000000003
148,29,0.5998999999999999
1,77,-1.7668
83,39,-2.0233
65,89,-3.5766
1,85,1.5685000000000002
102,72,-2.4673
61,91,-2.8896
163,36,4.2654
39,77,-3.1662999999999997
189,42,2.1586999999999996
77,89,4.6357
151,52,2.5229
183,91,3.3644
179,60,0.5034000000000001
81,83,-3.7354000000000003
98,57,2.4588
113,62,2.7138
63,64,-4.3907
70,89,-0.6563999999999997
10,54,-2.6903
112,87,-4.1743
53,30,-2.7629
6,59,0.15779999999999994
15,94,3.447800000000001
103,32,0.3681000000000001
139,5,-0.9752000000000001
68,90,-2.9066
45,22,-4.6795
59,81,-0.43269999999999964
105,83,-2.7112
131,38,-0.5260999999999996
194,63,2.8373999999999997
129,17,2.6933999999999996
36,95,2.8461
174,16,-3.4847
169,11,2.7912
72,59,-1.2696
158,18,-3.5957
15,81,-1.4425
57,4,-0.4665999999999997
153,85,-1.7127
78,29,-3.4151
102,52,-1.2557999999999998
167,5,-4.6418
88,80,-4.1164
130,93,-3.9946
6,2,-3.8875
93,81,0.6821999999999999
45,99,3.1784999999999997
9,25,1.6018
175,22,3.5099
125,86,0.2049000000000003
67,13,-2.3093
166,94,-2.326
107,14,0.6691000000000003
143,31,1.3682999999999996
60,65,-4.9412
57,41,-0.6422999999999996
121,48,4.5702
126,26,-0.09930000000000039
131,45,-4.9121
146,79,4.505800000000001
71,39,4.329000000000001
84,20,3.34
68,73,-2.006
119,10,3.9848
11,39,4.417400000000001
69,3,3.871600000000001
95,53,-1.2927
17,81,1.9618000000000002
120,99,0.3493000000000004
194,29,-2.0939
195,18,-3.8035
83,18,1.9965000000000002
33,64,-4.4923
6,27,3.6777999999999995
177,67,3.2308000000000003
16,39,-3.0854999999999997
47,89,0.3612000000000002
59,53,1.1125999999999996
39,24,-3.71
41,26,3.8282000000000007
159,23,-1.7669000000000001
103,35,0.8555000000000001
71,4,-4.5695
81,43,-3.6059
74,47,-0.7625000000000002
64,90,-0.23850000000000016
44,73,1.2011000000000003
21,19,3.8888
191,85,2.2420999999999998
123,70,3.380699999999999
10,72,-1.0975000000000001
116,21,2.9771
30,68,-3.6058
5,84,3.5817999999999994
30,55,-0.13389999999999969
23,88,-1.8106
80,28,2.1642
101,54,3.2903000000000002
177,42,3.5962999999999994
35,95,-4.0373
40,92,1.0098000000000003
101,1,3.9528999999999996
173,72,3.5527999999999995
191,21,4.9153
48,98,0.42910000000000004
21,40,-2.3517
39,2,-2.4909
157,38,2.6417
0,32,4.3895
194,10,-1.8397000000000001
147,61,3.5349000000000004
182,3,0.5728999999999997
190,24,3.1157000000000004
9,86,-3.4025
111,58,4.2003
51,17,1.1151999999999997
86,73,-3.6372
17,97,4.2491
199,36,4.1850000000000005
31,71,-4.2984
87,65,-0.9290000000000003
176,29,4.7064
101,90,1.7283999999999997
143,66,-1.0122
106,41,-2.2698
12,47,-3.6460999999999997
1,5,4.1563
155,82,-2.681
167,72,0.7656999999999998
4,82,2.106
113,25,-0.9367999999999999
36,87,-0.46330000000000027
168,22,4.1356
186,55,2.5873999999999997
8,97,0.8556999999999997
116,59,-3.2896
18,53,-4.7789
23,78,-1.0926999999999998
108,82,0.8891999999999998
154,77,0.04239999999999977
38,47,-2.8499
0,68,0.7552000000000003
152,27,0.1902999999999997
196,56,0.7755000000000001
128,31,-4.7021
194,4,4.8077000000000005
183,56,-3.0242
37,52,0.9896000000000003
175,83,0.9062000000000001
172,98,-1.8323
172,13,-1.7191
198,12,-4.611
135,98,-3.0713
165,20,1.1631
101,79,0.21830000000000016
40,19,-1.7656
138,96,-1.3495
153,92,4.8332999999999995
178,26,-0.4378000000000002
180,27,-3.7933
78,87,2.7319000000000004
2,57,1.0757000000000003
50,14,-2.6217
88,7,-2.2272
3,36,2.9410999999999996
165,90,-0.5518000000000001
90,14,-0.2934000000000001
92,18,-4.3677
111,55,-2.6961
102,0,-3.0117000000000003
48,33,2.8023
48,69,-4.0264
185,44,1.1298000000000004
38,81,-1.0173999999999999
92,75,0.7984999999999998
60,97,4.080399999999999
113,46,4.9016
15,32,-1.9394999999999998
173,44,-2.9403
153,45,-4.5883
192,39,1.9978999999999996
26,69,-3.0423999999999998
139,53,4.0951
196,24,1.8445
68,62,2.8871
16,79,-1.8571
112,54,4.3042
72,89,-2.9856
120,24,2.2409999999999997
140,13,-3.8971999999999998
23,96,-4.3645
110,48,1.0854
174,47,-2.1742
128,68,-1.5905999999999998
30,79,-3.5300000000000002
100,69,-1.2345000000000002
91,90,-0.20150000000000023
187,39,-0.6412000000000004
147,40,-4.8816
12,99,2.971
140,9,-3.278
176,61,-0.36409999999999965
4,99,4.332700000000001
178,1,-2.2186
106,83,-0.16990000000000016
165,95,2.0492
27,53,-0.5289000000000001
111,57,3.4841999999999995
191,68,2.3871
96,24,2.8034
26,47,4.7148
72,29,-3.8834999999999997
39,94,-3.8577
102,42,3.2695000000000007
151,80,0.40090000000000003
161,51,-1.15
21,43,4.520899999999999
159,86,4.8641000000000005
2,9,-2.7139
188,7,0.37980000000000036
126,31,1.8471000000000002
170,78,4.920299999999999
39,47,-4.0764
14,10,4.0870999999999995
176,31,2.5716
73,5,1.3052000000000001
54,31,-0.6096000000000004
43,85,4.9101
129,89,-0.5426000000000002
56,29,4.5916999999999994
86,38,4.3955
42,8,4.0791
12,90,-4.0568
145,55,-4.6698
188,76,-0.2704000000000004
101,46,-4.4882
138,82,-2.3673
147,19,3.8721999999999994
5,56,4.0181000000000004
49,38,-0.9656000000000002
0,78,-4.3871
109,4,-4.648
99,23,-1.6457000000000002
75,6,3.7657000000000007
130,8,2.5277000000000003
89,13,-4.241
49,75,-1.1474000000000002
7,11,2.0735
54,40,-1.3081
184,55,3.279
199,24,2.224
53,38,1.1619000000000002
86,70,-2.9104
64,84,1.8202999999999996
69,20,-0.2533000000000003
157,54,4.0883
21,13,-4.9932
101,49,-1.4998
31,54,2.0721
189,50,4.8690999999999995
87,13,4.640499999999999
28,4,4.7940000000000005
148,50,-2.0187
140,44,1.1929999999999996
180,93,-3.9964
53,41,3.9764999999999997
139,8,-0.5041000000000002
95,38,2.923
57,74,0.7358000000000002
195,47,-1.9245
114,64,-2.2627
120,44,-0.7243000000000004
133,30,-2.0219
44,60,-3.8872999999999998
71,80,4.8903
48,87,4.9323
43,17,-0.5644
2,66,-4.9502
163,83,0.3540000000000001
197,60,3.209199999999999
111,10,3.0458999999999996
8,1,2.6651999999999996
93,89,-1.6021999999999998
67,8,1.7889
80,39,3.5594
164,16,3.081899999999999
55,50,-4.7456
114,86,-4.0604
98,18,4.0207999999999995
192,55,1.5689000000000002
125,32,1.8014999999999999
18,32,4.1081
128,91,2.7127999999999997
63,79,-4.1771
171,97,-3.4707
96,51,3.3255999999999997
141,50,3.0668000000000006
79,11,-4.1682
56,18,-4.9082
17,94,1.1509
108,30,-2.2056
129,58,4.2674
17,46,2.8202999999999996
8,0,-2.3804
32,85,0.6562000000000001
133,10,-2.774
174,43,2.0732999999999997
6,53,-0.25210000000000043
191,35,0.7496
10,55,3.99
8,32,2.6910999999999996
45,52,4.0763
149,25,-3.9818
47,93,-4.8988
8,96,-3.0892
92,67,-3.5397
151,49,-0.5167000000000002
58,45,-3.5077
17,13,-1.4141
158,67,2.3808
56,98,1.7355999999999998
114,1,-2.8462
171,99,1.9127999999999998
181,6,2.8558000000000003
120,43,-3.9583
88,5,-3.8155
55,88,3.5478000000000005
175,6,-1.2383000000000002
96,31,3.4147
103,51,-3.2991
59,33,0.9638999999999998
17,3,4.7219999999999995
135,74,0.24209999999999976
143,44,4.8672
5,3,1.7748999999999997
61,53,1.3548
107,3,-3.77
189,99,4.130000000000001
180,20,2.1319999999999997
130,59,-0.016499999999999737
136,86,-3.2122
98,31,-2.8343
113,24,4.6815999999999995
53,65,4.013400000000001
89,71,-2.5925
73,84,1.1079999999999997
76,71,-4.1678
177,5,-0.6059999999999999
198,17,1.5749000000000004
65,94,-3.4505999999999997
54,47,2.8385
93,25,3.5488999999999997
11,71,-4.9551
67,74,-4.9079
167,29,4.206799999999999
109,76,-1.1469
11,38,-0.4855999999999998
10,27,-2.726
160,56,3.7982999999999993
44,59,2.3349
182,7,2.6902
136,74,2.6322
31,64,4.9627
22,54,-0.5768000000000004
47,97,-0.6868999999999996
51,87,-4.2595
139,82,-1.6387
36,59,4.834099999999999
183,24,1.9123999999999999
11,98,-2.6092
111,88,-2.0822
139,93,-2.8533
142,85,1.7306999999999997
172,73,7.999999999999119E-4
1,81,-1.5118999999999998
94,81,-1.1139999999999999
37,33,4.712999999999999
14,36,0.7361000000000004
147,47,-0.6462000000000003
12,94,3.7143999999999995
66,49,0.9686000000000003
197,65,-2.7681
139,65,-1.7477
188,16,-4.4614
53,75,2.4092000000000002
168,72,0.6215000000000002
96,61,0.6142000000000003
76,48,-0.08070000000000022
20,33,4.171900000000001
175,9,-3.2169
46,18,-1.6326
188,50,-3.6688
184,50,2.1323999999999996
104,83,-3.6029999999999998
68,72,2.1388
97,87,-2.2632
179,12,-0.9294000000000002
157,52,3.3659999999999997
36,13,-4.3516
69,91,-0.8601999999999999
151,32,3.6936
174,95,-1.3923999999999999
52,81,-1.31
78,62,4.3088999999999995
57,95,-4.0758
83,8,-1.7494999999999998
16,36,-2.3407
54,28,-1.0425
138,21,-2.3209
83,67,1.3097000000000003
73,56,1.0556
104,90,-3.8302
49,96,-4.1038
97,95,-3.2784
60,59,1.6901000000000002
147,18,1.3906999999999998
43,38,-0.9943
127,79,0.5381999999999998
65,32,4.056699999999999
153,46,4.033200000000001
56,97,-4.3919
123,19,4.498799999999999
70,36,4.7635000000000005
47,64,0.5876999999999999
137,49,-1.7772000000000001
5,81,-0.4325000000000001
167,58,-4.1334
136,37,-4.3374
60,10,3.1754999999999995
196,95,1.4126000000000003
31,62,-1.5299999999999998
77,22,-0.38039999999999985
170,44,0.11880000000000024
61,25,0.6395
5,97,0.9856999999999996
50,33,-1.8029000000000002
163,4,-1.8079
194,59,4.565899999999999
77,18,0.21110000000000007
4,26,1.0964
3,57,-2.3927
171,12,-0.35350000000000037
30,52,1.2381000000000002
45,98,2.4943
76,22,-3.8498
188,4,-4.4234
170,14,4.9161
1,91,0.9001000000000001
2,85,0.8409000000000004
173,18,2.3550000000000004
27,34,3.5404999999999998
198,61,0.06189999999999962
197,66,1.0940000000000003
17,96,-1.0675
82,8,1.8102999999999998
154,88,-3.2313
132,57,-1.8651
67,45,2.2518000000000002
91,91,-2.7885
195,74,-0.8357999999999999
152,94,3.1034000000000006
165,59,-3.8311
31,36,-3.308
76,0,-0.5738000000000003
123,22,-3.644
33,70,-4.7225
199,47,-3.5700000000000003
121,13,-4.7027
36,94,-3.9743
107,5,-3.1558
87,21,2.216
40,63,1.8139000000000003
115,6,-4.4929
180,51,3.2916000000000007
92,94,2.3651999999999997
142,68,2.4372
11,14,4.829700000000001
33,87,1.9707
0,96,2.2527
192,2,-3.5689
25,52,4.1798
149,66,0.16380000000000017
83,80,1.4234999999999998
54,69,-2.7661
26,85,-3.4166
184,5,-2.169
61,64,2.3964999999999996
130,4,3.8507
74,78,-1.0278
89,48,-4.3081
70,19,2.3470000000000004
152,80,3.1929
137,90,1.0738000000000003
171,35,1.3314000000000004
98,92,0.40829999999999966
187,97,3.7749000000000006
118,33,-3.1934
1,80,-4.4979
143,47,4.2943
187,84,2.4233000000000002
167,97,4.231400000000001
43,24,3.4785000000000004
106,49,-3.5393
197,97,-4.4379
14,73,-2.846
170,62,1.4169
138,10,2.6813000000000002
71,48,-2.5546
18,75,-1.6435
119,45,0.48719999999999963
111,7,1.2328999999999999
97,33,4.1059
151,22,-2.1022
157,12,-3.8852
148,24,3.2087000000000003
170,90,-0.7255000000000003
182,86,0.6798000000000002
114,91,-0.7104999999999997
15,38,-2.5216
50,40,3.321300000000001
32,24,-1.4209
8,68,4.2278
19,46,-0.5347
160,35,-3.6968
54,84,-0.3098000000000001
94,4,-3.1517999999999997
105,10,-2.0582
196,6,-3.6748000000000003
13,54,-2.8457
47,61,-2.3269
70,48,4.366300000000001
82,69,1.8181000000000003
42,36,-2.8117
11,75,2.8914999999999997
99,30,1.0128000000000004
180,95,-1.3039
34,24,4.532500000000001
5,67,1.2790999999999997
149,92,-2.6853
81,37,2.3441
152,26,-0.21579999999999977
40,15,-1.803
85,50,0.5559000000000003
84,15,0.7511999999999999
84,55,-2.0558
18,4,3.3580000000000005
116,4,-2.9288
115,66,1.9878
151,25,-0.8540000000000001
38,40,-0.25959999999999983
107,89,1.4930000000000003
14,13,-3.2283999999999997
166,52,3.0945
158,72,1.4162
18,60,0.2744
5,20,3.6258
63,77,-0.41600000000000037
142,28,0.5857000000000001
67,11,4.970599999999999
38,18,-4.5376
96,82,-2.7741
54,66,0.019899999999999807
138,67,-4.6214
75,23,0.8784000000000001
194,83,3.2429000000000006
122,80,3.2967999999999993
5,2,4.0152
103,75,0.12070000000000025
18,44,0.5271999999999997
168,1,-2.4692
38,93,-3.3269
88,6,0.42129999999999956
45,67,0.7588999999999997
107,38,-2.3722
106,93,4.335000000000001
102,32,-2.8245
73,28,-1.8634
114,94,-2.083
121,73,-2.1763
139,7,-2.8324
196,63,-2.561
162,57,3.122299999999999
12,93,2.9764999999999997
101,58,0.31679999999999975
26,30,-2.5892
159,79,-1.4207
97,89,-4.1429
104,85,3.6387
57,91,0.25739999999999963
32,36,3.2670999999999992
66,35,-3.4279
178,52,-0.9916999999999998
37,5,4.075200000000001
63,60,3.196999999999999
31,40,0.0918000000000001
6,23,2.1546000000000003
109,64,1.4149000000000003
69,87,2.7274000000000003
17,39,1.1879999999999997
165,73,-2.1393
91,13,-2.3291
39,36,1.7869000000000002
160,5,-3.5163
136,94,2.4063
131,71,-3.1489000000000003
34,14,-0.2138
179,89,-2.0709
156,4,-4.1626
80,16,2.0949
8,61,1.9851
128,78,-0.6245000000000003
58,92,2.0458999999999996
68,86,-3.3005
60,84,-3.2231
7,65,1.9812000000000003
138,48,2.9676
131,83,3.2897
158,64,-2.2462
43,16,-2.6055
94,90,-2.3631
172,37,-2.0651
159,98,-3.8561
166,59,-2.3277
43,1,-2.7585
155,58,-4.0456
42,44,3.6723
80,79,2.6757
197,40,-2.665
103,42,-3.1248
28,1,-1.1669
14,78,-3.2344999999999997
154,48,-1.3521
11,91,-2.068
159,91,2.5801999999999996
61,10,3.6326
100,78,-1.0802999999999998
148,33,-4.1764
114,95,0.1426999999999996
47,69,-2.5211
16,84,4.4338
46,77,-2.7615
50,82,-1.5894
38,99,-0.08870000000000022
8,42,-4.8864
28,17,-4.8105
193,21,0.5144000000000002
168,15,4.5641
35,33,4.3658
27,54,3.876099999999999
149,1,3.014900000000001
114,70,4.1341
111,34,0.0530999999999997
180,23,-3.9099
17,64,0.9817999999999998
156,91,4.3361
53,78,-1.8634
113,92,-4.221
152,16,-2.5838
79,17,0.06510000000000016
83,21,-1.1120999999999999
106,1,3.1500000000000004
17,30,0.9257
60,48,0.4100999999999999
70,54,3.8796
156,29,-1.9949
144,76,-3.6296
38,89,3.221
107,66,0.1517999999999997
67,56,1.9286000000000003
193,68,-4.6903
197,59,2.6900000000000004
108,75,1.0686999999999998
143,76,-4.1762
74,66,4.960699999999999
181,52,-3.3034
13,35,3.8580000000000005
51,43,1.8967999999999998
68,8,3.2730999999999995
149,69,-4.4131
21,78,-2.1076
169,14,-0.1778000000000004
178,6,-4.2962
165,62,1.6387999999999998
29,46,-2.3487
97,61,0.8962000000000003
64,34,4.4207
88,31,2.4721
24,80,-1.4771999999999998
58,28,0.3788999999999998
137,34,-3.5563000000000002
81,20,-3.1189
162,68,2.8361
98,95,-2.707
34,96,-3.9619
124,1,-2.4937
109,83,4.2955000000000005
185,95,-4.7749
68,39,4.1241
83,2,-0.7953000000000001
188,42,4.9605999999999995
184,84,-2.0654
76,93,-2.4592
3,87,-4.9495
154,61,3.8027999999999995
17,82,2.6317000000000004
54,10,-0.5865
131,54,-2.0736
105,28,0.6157000000000004
130,41,0.47079999999999966
46,43,2.2573999999999996
16,83,1.9286000000000003
67,5,-2.3727
119,77,1.0492999999999997
145,34,0.3451000000000004
193,42,4.172700000000001
30,26,3.0676000000000005
156,74,-2.768
70,46,-3.8141
72,46,4.266500000000001
81,22,2.0115
188,44,1.8924000000000003
176,65,2.5197000000000003
125,92,0.3048000000000002
138,47,3.4795
47,45,4.377000000000001
85,92,-4.4576
191,41,-2.5438
112,46,-0.40090000000000003
103,92,-4.568
33,35,1.1547
79,49,1.1265999999999998
47,12,3.237
153,4,-2.6955
35,32,4.8347999999999995
1,57,4.884
116,16,0.9884000000000004
71,7,-1.9977999999999998
194,49,-2.7116
15,23,4.298500000000001
93,79,4.359999999999999
48,63,2.8398000000000003
61,42,-0.4908000000000001
78,31,0.9496000000000002
40,59,-1.751
42,78,4.8977
151,51,0.04549999999999965
76,16,1.8567999999999998
32,78,2.3151
63,3,2.6605
26,61,2.8785
121,34,-3.372
169,36,1.3131000000000004
27,92,3.1906
50,63,2.8945
58,81,-0.7826000000000004
56,2,-0.07019999999999982
126,17,2.4557
54,48,-3.9199
18,92,2.125
65,96,2.3956
49,46,-3.7359
71,70,2.3453
85,27,-3.8359
95,19,-0.6738
117,81,-0.20589999999999975
94,88,-4.7437000000000005
147,2,2.6167
198,98,1.7366000000000001
21,10,3.7386
98,8,-4.4971
97,50,-2.9286
154,19,-4.0489
158,9,-4.6585
1,72,3.4421
47,39,-2.4695
112,62,-1.4110999999999998
7,19,2.1144999999999996
83,22,2.2248
32,93,2.0784000000000002
104,17,-2.1259
196,41,0.4287000000000001
150,7,-3.9878
158,54,3.5946
41,72,-0.8826999999999998
47,65,-1.9804
36,3,-1.919
171,50,1.2668999999999997
180,32,-0.5533000000000001
109,26,-1.0756000000000001
169,70,-2.2556
120,53,4.828099999999999
59,23,3.4679
55,3,4.7668
122,41,0.2918000000000003
91,97,-2.9322
159,31,1.9386999999999999
43,34,0.2926000000000002
56,17,-0.3738999999999999
1,45,-0.0506000000000002
35,84,0.11259999999999959
67,14,-0.7079000000000004
180,38,-2.0465
77,34,-0.9414999999999996
111,42,-3.2592
53,36,0.9789000000000003
103,90,3.5660000000000007
78,72,-1.2501000000000002
92,54,-3.8295
3,91,0.40829999999999966
183,18,4.844900000000001
22,72,3.6509
195,64,4.830299999999999
128,84,-3.3981
36,77,-0.21199999999999974
75,79,3.0512999999999995
104,56,4.9193999999999996
45,93,-4.8376
11,92,-0.043700000000000294
26,38,-4.5103
97,44,0.5499
90,70,1.5015
129,75,0.7415000000000003
15,62,-1.0977999999999999
153,1,2.843
135,29,-1.6257000000000001
83,24,2.2882
26,45,-2.8228
166,25,4.25
58,63,4.0600000000000005
18,95,-4.7823
173,14,4.629200000000001
35,75,-1.859
167,26,0.9733
70,75,-0.18909999999999982
135,22,-3.1261
134,87,2.7874
170,29,2.6994
76,76,-1.5305
46,53,-3.8866
42,40,-1.3859
129,87,-0.6574
50,3,0.7538
139,75,-4.3859
76,52,-3.5956
126,55,3.0997000000000003
151,92,1.5688000000000004
2,42,3.8302999999999994
107,39,-2.1554
194,55,-1.126
72,17,3.8400999999999996
10,4,-1.13
141,47,-4.0417
47,71,1.9206000000000003
167,59,-2.4516
192,9,-0.42490000000000006
121,22,-1.0943999999999998
3,18,3.3633000000000006
158,75,-1.6726999999999999
59,64,-4.3899
199,68,-4.644
124,40,1.8940000000000001
181,23,-3.3936
110,52,3.914999999999999
114,44,3.7955000000000005
9,37,1.3426
165,15,-3.2125
151,44,0.7000000000000002
124,35,-4.0834
182,21,-2.331
100,33,-1.0196999999999998
179,78,2.3712999999999997
104,93,-4.9458
89,27,-3.2649999999999997
93,57,-3.4005
108,38,3.0989000000000004
116,28,-2.2155
57,33,-2.5924
124,86,1.1364
37,39,1.2732
177,74,4.050599999999999
99,98,-0.8503999999999996
145,65,-4.8183
124,46,-2.2496
72,33,-0.6923000000000004
132,27,-3.7496
184,28,1.7077999999999998
61,39,-2.1225
101,53,-0.7119
114,15,1.9173999999999998
151,19,-0.6593
98,84,3.6675000000000004
169,84,-2.8888
83,76,-1.1726999999999999
176,52,3.6288
176,94,-3.162
197,54,2.2683
62,92,1.1961000000000004
15,28,-4.0271
128,70,3.2223000000000006
87,19,-0.6923000000000004
170,8,4.8894
58,83,1.3390000000000004
163,9,3.8675999999999995
24,98,-1.2492999999999999
96,49,3.7780000000000005
144,93,-0.14440000000000008
186,47,-0.0801999999999996
183,95,-4.6469
180,9,4.227399999999999
138,17,-1.6963
154,85,2.8689999999999998
8,17,-4.0405
118,87,2.6637000000000004
3,90,-1.5480999999999998
0,97,4.9788
148,8,1.8700999999999999
52,20,3.1151
60,33,-3.964
153,88,-2.3487
158,25,2.2624000000000004
184,26,-1.5064000000000002
133,11,-1.4219
53,18,1.8605
143,5,3.3308999999999997
22,43,-4.3218
1,64,-2.1591
58,42,0.9922000000000004
14,19,0.6123000000000003
63,57,1.9189999999999996
171,72,-0.5105000000000004
13,76,-2.6654
197,28,2.2967000000000004
23,57,-2.9037
127,62,-4.9567
198,75,0.3567
82,14,-1.226
1,25,3.4366000000000003
57,46,0.1429999999999998
96,81,1.8375000000000004
29,49,-0.4535999999999998
158,37,-0.12769999999999992
87,54,3.700799999999999
143,8,-4.5793
111,5,2.8813000000000004
27,51,-3.3194
174,61,0.351
62,30,0.014899999999999913
190,13,1.0401999999999996
12,46,-3.1741
87,17,4.560499999999999
121,1,-3.5486
4,83,3.0665999999999993
41,67,-2.8236
197,33,0.5644
111,18,-0.31869999999999976
30,69,0.12680000000000025
83,89,-3.2856
100,58,-3.27
134,69,-0.2881
113,49,4.6843
21,51,-0.26670000000000016
52,7,-4.8617
73,80,-4.7446
159,39,-2.4865
189,22,2.6626000000000003
152,4,-3.8004
32,44,-3.4832
91,99,4.5541
162,45,-3.5431
39,22,-4.1541
72,48,0.2636000000000003
157,61,-2.8672
100,99,-0.8265000000000002
28,86,-4.0347
179,1,0.6729000000000003
47,11,-1.7489
52,95,-0.3593000000000002
128,48,-0.15979999999999972
176,1,-2.7013
36,29,3.985900000000001
194,25,-0.9768999999999997
62,38,-2.2846
3,28,-1.31
34,38,4.3873
101,36,-0.3064999999999998
112,81,-0.21750000000000025
38,79,-2.6248
104,18,4.0116
152,32,-1.0652
177,58,-0.6044999999999998
105,50,-3.0652
6,43,-0.2655000000000003
112,89,4.3985
77,92,0.35250000000000004
123,96,-0.2320000000000002
131,15,3.9214
150,3,-0.8665000000000003
171,45,0.48109999999999964
47,5,0.17290000000000028
64,27,1.8682999999999996
16,46,3.6456
160,83,3.0953
139,27,-3.9523
72,62,1.4103000000000003
47,80,-3.117
28,8,3.9543999999999997
58,58,-1.5529000000000002
12,32,-1.7199
152,48,-4.9716
71,58,-0.45509999999999984
164,62,4.8879
34,20,1.7332
29,50,-1.5215999999999998
88,59,-3.8478000000000003
34,80,-0.40920000000000023
130,49,-4.3945
165,37,-4.8918
31,20,-1.6999
18,0,-1.8542
27,21,3.1891999999999996
56,58,-3.3118
50,35,-2.2699
45,11,3.7082999999999995
58,2,1.9782000000000002
123,69,1.6223999999999998
34,76,-0.4607000000000001
159,36,2.3575999999999997
57,24,-2.7086
172,75,4.8605
177,82,-0.6412000000000004
24,42,3.4204000000000008
198,85,-3.4641
90,26,3.292
157,80,0.46199999999999974
100,12,-2.1124
64,48,2.6257
116,67,-1.6756000000000002
84,9,-4.453
191,28,0.7291999999999996
103,43,-4.2874
21,1,1.0716999999999999
4,81,-3.6151999999999997
112,69,-3.8199
110,33,4.547499999999999
131,12,-2.9944
139,90,3.8671000000000006
75,17,1.4306999999999999
45,63,-1.2621000000000002
76,4,3.5860000000000003
81,88,-4.6211
37,60,-2.8478
164,36,-0.3038999999999996
73,34,4.4764
130,76,3.463800000000001
125,38,-2.269
96,56,2.7283
38,62,-1.2509000000000001
68,79,0.8722000000000003
2,58,2.4865000000000004
177,69,-4.8023
162,32,-4.2780000000000005
98,29,4.5634
183,20,4.6015999999999995
189,18,3.2659000000000002
119,85,-2.418
71,2,4.5451
43,99,2.6258999999999997
177,84,4.9619
57,77,0.48989999999999956
39,42,-1.6383999999999999
21,2,-1.4327
100,93,1.2310999999999996
53,9,-3.5823
106,72,-4.0488
37,74,-1.3008000000000002
106,63,-1.4097
38,36,0.7415000000000003
136,43,4.3782
32,11,-1.0743999999999998
0,98,-1.1661000000000001
61,70,0.4767999999999999
57,99,4.6395
37,86,3.236700000000001
53,96,-2.4111
170,92,-1.5489000000000002
60,41,-4.0254
93,21,-0.7606000000000002
71,56,3.906599999999999
35,74,0.23819999999999997
74,4,0.08319999999999972
155,94,1.1582999999999997
108,47,-1.6371000000000002
96,16,2.1971999999999996
51,85,4.5596
56,69,4.9497
152,41,4.087999999999999
166,0,-3.588
118,0,-0.5050999999999997
158,71,-4.5048
118,17,0.9321000000000002
160,14,-2.8983
165,40,-1.4882
44,93,-3.6592000000000002
11,0,4.2027
111,54,1.9153000000000002
102,4,-3.4318
33,69,3.3843999999999994
42,27,-3.3242000000000003
76,9,2.7042
196,90,-4.6189
7,84,-1.7347000000000001
191,78,-2.7531
79,89,-0.13269999999999982
136,46,2.9528999999999996
15,68,-4.1431000000000004
113,20,3.462999999999999
15,50,1.2992999999999997
11,5,-1.8466
150,48,4.0236
90,54,4.782299999999999
13,22,-4.5057
106,6,1.1988000000000003
177,16,0.4932999999999996
178,78,2.9112999999999998
111,3,-2.7769
78,12,-3.8804
180,2,1.3296000000000001
156,98,2.9103000000000003
78,86,3.0317000000000007
166,15,-1.8893
110,13,3.0602
179,75,-1.1053000000000002
164,82,0.06869999999999976
167,10,2.8973000000000004
140,98,3.9037000000000006
79,38,2.7657
75,12,0.9901
76,91,0.524
82,98,4.133699999999999
52,72,3.394399999999999
63,26,1.0519999999999996
92,9,3.5738000000000003
182,25,-4.625
19,86,1.9059
76,34,2.6952999999999996
15,80,1.2404000000000002
10,91,0.4179000000000004
198,43,0.2698999999999998
122,42,-1.927
49,68,-4.8449
65,64,4.209
153,81,-3.8462
143,40,-3.9272
53,87,4.4596
167,77,4.970000000000001
155,98,4.4313
4,55,4.2692
55,98,4.4657
57,21,-0.9583000000000004
47,36,2.2939
0,93,3.169600000000001
171,42,1.9591000000000003
172,69,-4.6237
112,27,-3.5857
55,18,-3.8598
183,22,2.2714999999999996
160,30,3.8132
198,14,0.3285999999999998
44,8,-0.03000000000000025
198,18,1.9478999999999997
182,42,4.183199999999999
198,86,-1.4604
32,14,-4.8457
101,69,-4.7562
174,46,3.6562
152,12,3.5078999999999994
29,24,2.6020000000000003
159,12,-3.5498000000000003
12,62,4.2332
171,74,-4.0229
196,38,-2.9518
26,35,-3.0597000000000003
193,93,4.714499999999999
12,48,-0.3110999999999997
192,35,-3.4468
88,90,-3.826
78,32,0.2065999999999999
71,65,-1.0602
10,90,0.7077
81,2,2.3038999999999996
102,25,2.4400000000000004
71,96,2.2394
144,5,1.5050999999999997
146,94,-4.1054
32,68,4.7936
118,45,4.0364
119,36,3.7017000000000007
153,31,-4.6059
61,48,-4.9508
5,54,4.6373
46,38,-4.4741
112,68,-2.8751
132,81,4.714499999999999
109,85,1.1397000000000004
53,55,-3.931
191,20,-1.2879999999999998
173,11,1.3319
65,53,0.39510000000000023
143,2,2.4494
113,63,0.11789999999999967
149,9,4.043699999999999
94,17,1.1471999999999998
60,62,0.8342999999999998
80,85,-4.6962
157,23,3.803699999999999
186,12,4.105499999999999
137,55,4.0916999999999994
137,20,-4.7992
153,74,-1.1496
128,79,-0.42330000000000023
21,32,4.8773
77,40,-0.5316999999999998
99,93,-1.295
98,10,-2.582
96,91,-2.1427
186,53,-4.5376
156,93,-1.6049000000000002
92,91,-3.8181000000000003
104,28,-1.4651999999999998
198,99,2.1273
123,1,-2.7949
39,45,0.8997000000000002
0,53,3.708500000000001
117,56,-3.1773
58,4,0.21590000000000042
94,37,-1.0506000000000002
187,23,3.1506000000000007
84,62,-2.0902
13,63,-1.5642999999999998
119,63,1.8695000000000004
117,73,-3.0220000000000002
183,63,-4.3863
164,31,2.6901
130,34,2.7342000000000004
112,29,0.9505999999999997
41,55,-4.7714
157,90,-0.20720000000000027
82,55,-2.9511
78,42,0.5144000000000002
146,15,-0.4767000000000001
196,13,4.4483
71,86,2.9494999999999996
120,19,0.4016000000000002
150,44,-3.0115
167,30,4.5334
80,77,1.6593
61,65,-2.5304
180,96,3.9338999999999995
1,1,-2.2594
68,64,-0.8277999999999999
151,84,-4.334
89,41,-0.8276000000000003
57,44,-4.6254
98,61,-1.8605999999999998
151,7,2.7634999999999996
96,40,2.3781
100,6,-1.2136
68,20,-1.662
27,40,3.428000000000001
130,78,1.6571999999999996
66,9,-2.9481
140,32,4.2363
7,59,-0.1814
101,88,-4.623
124,38,-1.8382999999999998
189,87,2.5523999999999996
55,75,4.1189
192,91,-4.0454
30,50,-1.7748
67,6,-0.8098000000000001
6,83,-2.0582
64,96,4.5489999999999995
179,29,-1.5252
192,43,3.178699999999999
140,96,4.58
47,99,-1.5217999999999998
95,36,-4.0403
75,3,-2.8965
105,81,-1.3455
199,30,-4.7031
119,49,2.1826999999999996
64,69,3.5494000000000003
63,1,-2.4822
9,59,-3.5469999999999997
140,21,-1.5405000000000002
184,18,0.8697999999999997
22,48,2.9555
79,72,-2.7248
116,88,3.7047000000000008
3,97,-4.3423
16,27,3.5128000000000004
154,54,-2.644
26,86,1.9752999999999998
166,22,2.4501
3,77,-4.3083
183,79,1.9783
42,61,0.9184999999999999
136,56,4.9741
145,8,4.547499999999999
80,40,0.22119999999999962
102,77,1.4335000000000004
13,48,-2.9637
160,3,-4.6037
90,56,-0.9664000000000001
90,27,4.3735
69,1,-0.9816000000000003
121,60,0.9134000000000002
31,60,-1.5366
47,6,1.3372000000000002
145,36,4.518000000000001
169,87,0.8368000000000002
71,35,0.13199999999999967
24,22,3.364699999999999
190,88,-4.13
12,77,2.9036999999999997
129,55,1.6649000000000003
191,70,-1.6225
87,55,2.1571
167,1,1.3535000000000004
99,25,-0.3277000000000001
43,84,-3.2382
129,34,2.1798
185,7,0.36660000000000004
6,70,-3.9334
195,9,-0.27639999999999976
172,62,-3.7102
24,74,-2.5141
85,39,-4.7665
34,56,3.0101999999999993
132,0,3.4153000000000002
128,19,-3.0143
1,29,2.8258
26,11,-4.3774
57,37,2.3192000000000004
50,64,-0.5087000000000002
149,83,4.9239
136,64,-4.919
16,50,-1.1073
8,6,-2.8985
174,55,-1.8723999999999998
78,92,4.7043
120,92,4.778700000000001
17,10,-4.2059
130,90,-2.471
145,96,1.4324000000000003
115,52,1.9623
98,5,4.9749
74,82,2.7584999999999997
53,94,-1.3929999999999998
95,15,-4.3447
20,80,4.9518
28,46,-4.3825
86,81,-3.9142
69,19,1.2500999999999998
103,80,-3.6783
50,45,-1.9624000000000001
108,84,-3.1306000000000003
99,20,0.5153999999999996
121,5,2.2047999999999996
74,26,-3.9709000000000003
124,13,1.6773999999999996
199,19,-3.9158
182,16,-4.5199
44,67,1.9942000000000002
67,83,-4.5847
21,33,-2.1937
80,80,-1.4150999999999998
69,76,2.3608000000000002
91,42,3.1279000000000003
50,95,-4.4111
104,71,-1.6267
49,1,-3.9772
105,0,0.12560000000000038
1,82,-0.1543000000000001
30,25,-4.4803
156,20,-4.4861
74,49,-3.4477
119,83,1.7035999999999998
150,88,3.3476999999999997
151,11,2.1643999999999997
114,21,3.2593999999999994
96,59,-4.7892
68,17,4.514200000000001
182,43,-0.9447000000000001
38,76,-0.39259999999999984
10,78,4.6873000000000005
40,87,3.0313999999999997
8,25,-1.851
124,60,-0.9656000000000002
87,97,-0.5430999999999999
145,50,-0.5461999999999998
7,22,-1.3079999999999998
11,33,-0.42879999999999985
4,44,4.0306
54,73,-1.6511
148,94,-3.6776999999999997
103,48,-3.2560000000000002
196,47,-1.7378999999999998
55,22,1.3064
140,18,-1.2761
101,60,0.4168000000000003
8,30,-2.9248
144,20,-2.2855
131,86,-0.8592000000000004
121,71,1.4747000000000003
105,68,1.4942000000000002
195,54,2.0968999999999998
47,3,-2.2978
194,30,-3.4044
111,44,1.5054999999999996
165,4,2.5956
151,15,3.3293
44,51,3.6327999999999996
109,98,4.773199999999999
41,1,3.2948000000000004
105,4,-1.5175999999999998
135,83,-2.4041
3,11,-0.5738000000000003
167,19,1.9382000000000001
158,43,-3.0669
95,35,-0.9786000000000001
92,44,-1.3797000000000001
193,27,-0.6532999999999998
88,93,-1.6091000000000002
9,6,1.9957000000000003
135,5,4.189399999999999
53,14,-0.7191000000000001
197,52,0.3642000000000003
26,58,-2.783
5,75,-0.3403999999999998
92,81,3.3133
9,28,4.237
126,86,2.2058999999999997
123,81,4.1424
63,27,2.0867000000000004
118,28,0.13450000000000006
148,58,2.6205
83,10,-0.0259999999999998
37,99,-4.4063
111,47,2.9888000000000003
171,31,0.5380000000000003
155,70,-4.834
189,43,2.1146000000000003
30,39,3.9544999999999995
56,89,-2.3365
11,34,-0.23439999999999994
99,28,-3.4575
140,4,-1.217
41,69,3.9834999999999994
180,84,-3.0725
191,51,4.7698
102,28,-4.0529
140,26,-3.2572
180,87,-3.3765
138,95,-3.0421
122,52,-4.4015
42,83,-4.804
93,13,4.1831
166,37,-0.23930000000000007
64,14,3.6948000000000008
44,83,1.1761999999999997
75,88,4.4887
105,24,-1.7783000000000002
150,24,-3.6083
10,53,4.846
165,8,-4.334
41,40,0.07150000000000034
190,83,2.7603999999999997
96,29,4.594900000000001
178,8,1.1360999999999999
59,63,2.3429
92,38,-3.3288
66,61,-1.3448000000000002
53,82,4.0495
78,53,2.0734000000000004
175,1,3.6738999999999997
10,56,-3.7675
62,97,2.6073000000000004
189,46,-1.4462000000000002
95,33,3.5846999999999998
38,70,1.6227999999999998
43,12,-0.0378999999999996
191,89,-1.1819000000000002
156,19,2.8975
76,87,-3.2819000000000003
161,20,-1.5838
25,57,-3.0023999999999997
152,34,-3.0766
146,4,3.9522999999999993
100,13,0.18590000000000018
91,92,-2.3672
170,51,0.7759999999999998
134,93,2.1538000000000004
121,52,-4.2767
94,35,-3.0697
44,20,1.6242999999999999
171,32,2.4763
81,69,-0.05550000000000033
145,68,-3.534
182,37,-3.6895
139,35,3.8202
61,92,-0.1435000000000004
134,90,0.41469999999999985
109,96,0.16579999999999995
30,77,-3.6104000000000003
60,25,2.4595000000000002
6,82,4.3306000000000004
65,92,2.0435999999999996
182,85,-4.3282
163,19,-0.7835000000000001
104,87,4.523899999999999
47,29,4.3215
119,8,4.2818000000000005
173,42,1.1481000000000003
107,74,-4.6035
157,15,3.0951000000000004
108,21,3.7794000000000008
34,85,-4.6116
125,8,4.9642
82,75,1.0305
9,21,-4.0507
195,50,-0.9404000000000003
94,15,3.2010000000000005
173,92,-1.3641999999999999
157,3,-0.2724000000000002
64,73,-2.9165
131,64,2.2298
67,54,-3.4614000000000003
43,51,-2.4489
169,22,3.5587999999999997
45,26,-2.3021
197,58,-4.9058
148,87,0.39749999999999996
186,43,4.406000000000001
47,59,0.29990000000000006
51,71,3.3352000000000004
77,11,2.8486000000000002
71,13,-0.6867000000000001
149,62,1.9348
118,7,-0.13560000000000016
181,68,-4.1195
139,69,-0.32430000000000003
148,88,-2.9794
83,91,4.129200000000001
30,72,-0.7885
191,26,-2.2478
175,31,-4.2443
102,31,1.6559
61,26,-0.5029000000000003
47,19,3.5656999999999996
188,65,-3.9215999999999998
132,98,1.4287
112,94,0.12819999999999965
179,41,1.0236999999999998
67,67,-4.2824
51,69,-4.9074
91,72,4.656499999999999
128,81,-0.9142000000000001
142,12,1.7263000000000002
66,73,0.5080999999999998
46,90,4.5877
97,13,-3.3781
60,82,-3.1207000000000003
78,46,3.2284000000000006
60,54,-4.5288
10,96,-2.2787
59,51,-0.06770000000000032
82,21,2.2018000000000004
195,78,3.6057000000000006
51,74,2.8468999999999998
1,18,1.3117
15,39,-2.8402
83,13,-0.6836000000000002
193,53,4.520200000000001
99,67,-1.8805
178,20,-3.5806
29,53,0.5561999999999996
103,87,1.3662
88,20,-1.4384000000000001
38,96,0.4740000000000002
161,93,-0.15369999999999973
87,62,-4.0134
78,22,-0.6483999999999996
14,84,-4.1751000000000005
190,19,-1.0426000000000002
80,44,-1.1286
172,60,3.1831999999999994
96,93,0.4671000000000003
84,31,-1.5211000000000001
172,81,-1.8815
27,45,-2.9452
137,80,1.8392999999999997
161,10,3.1214999999999993
25,63,-2.4399
54,5,-2.383
61,43,-3.0027999999999997
129,83,3.4238
40,93,2.7266000000000004
130,51,2.2767999999999997
111,30,-2.3773
181,15,-3.7327
142,65,4.000500000000001
187,7,1.7018000000000004
152,5,-0.12600000000000033
79,3,-1.8662
180,46,-1.8441999999999998
138,55,2.0621
41,0,2.8644999999999996
82,15,4.9801
32,26,2.3738
9,34,-4.6514
93,71,-0.7255000000000003
136,48,1.5090000000000003
60,32,4.7742
83,4,-0.40549999999999997
150,43,-4.3604
161,87,-4.5962
113,18,-2.9888
194,7,0.8436000000000003
162,97,-1.8515000000000001
139,57,-1.2780999999999998
17,74,2.7729
164,98,-4.056
94,19,-1.6038000000000001
120,15,-1.69
120,8,2.5392
68,41,-2.5612
98,64,4.339499999999999
170,46,-1.1684
177,21,-4.7809
41,13,-3.6413
9,29,1.4101999999999997
66,12,4.312099999999999
89,93,-3.6742999999999997
23,46,3.8630999999999993
14,64,3.1905
80,22,-0.9987000000000004
110,15,2.7112999999999996
64,1,-0.49709999999999965
172,2,-1.7351
1,0,2.3503999999999996
65,5,-2.4332
14,90,-1.7523
8,23,-0.34199999999999964
79,48,0.9039999999999999
111,38,-1.9169999999999998
